C sector: 0
-25.9303
-25.8743
-25.7705
-25.7377
-25.6717
-25.6191
-25.6075
-25.4261
-25.3646
-25.3313
C sector: 1
-25.0483
-25.0911
-25.1113
-25.1781
-25.1781
-25.1377
-25.1343
-25.0948
-25.1094
-25.1925
C sector: 2
-24.9136
-25.0398
-25.053
-25.1302
-25.0465
-25.0695
-25.0292
-25.0106
-25.0745
-25.1547
C sector: 3
-25.4907
-25.4619
-25.4337
-25.4431
-25.3954
-25.3704
-25.3241
-25.2713
-25.2645
-25.4297
C sector: 4
-26.2623
-26.162
-26.0404
-26.0168
-25.828
-25.71
-25.658
-25.5502
-25.489
-25.5201
C sector: 5
-26.8161
-26.8114
-26.3095
-26.1739
-25.9963
-25.848
-25.7475
-25.6618
-25.6191
-25.7141
Fe sector: 0
-26.242
-26.1749
-26.0634
-26.006
-25.9183
-25.872
-25.859
-25.6744
-25.6031
-25.675
Fe sector: 1
-25.3473
-25.3883
-25.3956
-25.4412
-25.4408
-25.483
-25.527
-25.3317
-25.348
-25.4572
Fe sector: 2
-25.0628
-25.2092
-25.2355
-25.3154
-25.2359
-25.2669
-25.2333
-25.217
-25.2662
-25.4116
Fe sector: 3
-25.6131
-25.6088
-25.591
-25.5974
-25.5553
-25.5403
-25.4938
-25.4624
-25.4501
-25.6198
Fe sector: 4
-26.428
-26.3296
-26.2122
-26.2089
-26.0166
-25.904
-25.8408
-25.7583
-25.6785
-25.6817
Fe sector: 5
-26.995
-27.0115
-26.5089
-26.3705
-26.2034
-26.0544
-25.9614
-25.8631
-25.8363
-25.8982
Pb sector: 0
-26.1226
-26.066
-25.9712
-25.9408
-25.8803
-25.8307
-25.8205
-25.6383
-25.5686
-25.6721
Pb sector: 1
-25.2222
-25.2796
-25.3072
-25.3739
-25.3881
-25.343
-25.3381
-25.3038
-25.3272
-25.3583
Pb sector: 2
-25.0634
-25.2095
-25.2343
-25.3231
-25.2445
-25.2633
-25.252
-25.2147
-25.2617
-25.3603
Pb sector: 3
-25.6446
-25.6368
-25.6087
-25.625
-25.5899
-25.5658
-25.5212
-25.4812
-25.4583
-25.536
Pb sector: 4
-26.5142
-26.3914
-26.2693
-26.2755
-26.0639
-25.9492
-25.8862
-25.8024
-25.7244
-25.7392
Pb sector: 5
-27.052
-27.053
-26.549
-26.4052
-26.2335
-26.079
-25.9784
-25.8869
-25.8419
-25.8656
