0 0 0 5907.25 15.6887 1976.2 21.7717 -451.956 21.7454
0 1 0 4125.5 13.1109 1330.33 18.2977 -212.092 18.3254
1 0 0 11.3338 0.743179 4.82776 1.1405 -1.77554 1.03303
1 1 0 3701.64 12.4191 1284.2 17.1207 -354.166 17.3145
0 0 1 6856.47 16.9023 3077.84 23.351 -646.548 23.2777
0 1 1 3853.69 12.6716 1752.44 17.646 -222.198 17.6357
1 0 1 109.701 2.13796 48.277 2.88551 -19.9674 2.9142
1 1 1 5021.01 14.464 2281.36 19.7739 -648.61 19.9016
0 0 2 3444.28 11.9796 2218.51 17.1264 56.8281 16.7924
0 1 2 1703.27 8.42434 1227.72 12.009 -7.44355 11.4335
1 0 2 89.1615 1.92745 46.9487 2.73578 1.94581 2.71089
1 1 2 2644.58 10.4972 1680.36 14.8359 -99.8851 14.1868
0 0 3 1358.97 7.52487 902.309 10.7685 72.7953 10.8841
0 1 3 688.145 5.35469 570.706 7.62251 -4.09595 7.11152
1 0 3 48.8935 1.42732 31.2066 2.10071 8.56611 1.98011
1 1 3 1262.7 7.25346 767.384 10.2332 10.2762 10.1652
