0 0 0 1365.93 7.54412 386.501 10.4605 -107.494 10.515
0 1 0 962.486 6.33274 263.451 8.79645 -69.3881 8.82337
1 0 0 4.1311 0.795648 2.01435 1.33827 1.32806 0.977356
1 1 0 812.715 5.8192 237.614 8.05566 -67.7621 8.09964
0 0 1 1281.01 7.30586 475.011 10.1498 -91.6222 10.2014
0 1 1 725.027 5.49631 259.841 7.68133 -29.089 7.77173
1 0 1 17.2203 0.847061 5.42287 1.17246 -1.44358 1.22899
1 1 1 882.124 6.0626 374.367 8.33368 -98.2383 8.30234
0 0 2 592.322 4.96791 318.537 7.04151 -14.6231 7.0148
0 1 2 309.083 3.58865 189.807 5.07672 -9.4854 4.91938
1 0 2 13.229 0.756741 8.64184 1.06611 -1.86923 1.11149
1 1 2 439.232 4.27801 265.707 6.00339 -31.6265 5.72711
0 0 3 217.335 3.00926 133.8 4.25714 -4.35334 4.25107
0 1 3 108.826 2.12942 82.0078 2.98536 -7.25052 2.77447
1 0 3 6.85376 0.599707 5.13281 0.90686 -1.02852 0.945582
1 1 3 184.415 2.77199 110.976 3.89717 -3.52871 3.75739
