0 0 0 3617.39 12.277 1127.67 17.0974 -232.364 17.0442
0 1 0 2533.49 10.2743 721.307 14.3343 -140.265 14.3155
1 0 0 6.29283 0.731356 -0.225362 1.234 -3.13031 1.12911
1 1 0 2165.73 9.49941 712.762 13.1642 -175.383 13.2491
0 0 1 3964.14 12.8519 1648.77 17.7808 -372.011 17.719
0 1 1 2290.06 9.76828 910.462 13.6473 -108.363 13.6178
1 0 1 53.5282 1.49343 21.2644 2.04342 -7.15376 2.03914
1 1 1 2778.26 10.7592 1187.07 14.767 -327.579 14.8606
0 0 2 1959.27 9.03529 1170.79 12.7735 -68.9261 12.4576
0 1 2 1011.76 6.49282 673.432 9.21205 -26.8814 8.81909
1 0 2 49.2465 1.45088 27.1874 2.08724 1.1752 2.09581
1 1 2 1493.84 7.88945 915.533 11.2001 -30.5033 10.7628
0 0 3 744.454 5.56946 446.537 7.98898 47.4013 8.04514
0 1 3 387.561 4.0185 295.066 5.66671 -14.6392 5.29526
1 0 3 26.2683 1.08042 17.5164 1.59053 2.52173 1.60974
1 1 3 669.794 5.28281 396.006 7.50188 18.1056 7.37719
