0 0 0 3146.6 11.4503 934.611 15.8996 -220.287 15.9457
0 1 0 2261.31 9.70676 615.431 13.4954 -146.451 13.5471
1 0 0 9.72016 0.918384 2.38212 1.51969 -0.582314 1.27866
1 1 0 2019.32 9.17271 632.903 12.6345 -198.975 12.7848
0 0 1 3131.34 11.4225 1284.59 15.8487 -247.731 15.7886
0 1 1 1819.57 8.70721 740.369 12.1411 -98.8495 12.1592
1 0 1 48.2168 1.4174 16.4813 1.97091 -3.35997 1.99535
1 1 1 2316.1 9.82365 1010.49 13.4323 -292.159 13.5468
0 0 2 1500.03 7.90578 902.403 11.1767 -54.6302 10.9224
0 1 2 788.51 5.73189 543.021 8.12839 -10.9562 7.80534
1 0 2 36.8709 1.23947 21.2764 1.75684 0.856598 1.75147
1 1 2 1195.87 7.05889 733.411 9.97245 -56.0055 9.53512
0 0 3 591.279 4.96353 380.171 7.07113 13.0477 7.01885
0 1 3 304.789 3.56364 226.581 5.01715 -21.9686 4.69281
1 0 3 21.5789 0.972626 16.0551 1.41932 1.26102 1.43446
1 1 3 539.657 4.74191 330.029 6.70163 4.32231 6.59301
