#Nu	Zh	Pt2	RCC	RCFe	RCPb	RCD2##### RCX = (sig_rad/sig_born)_X
2.7	0.35	0.05	0.893274	0.898349	0.892699	0.896333	
2.7	0.35	0.175	0.895534	0.900162	0.894989	0.898342	
2.7	0.35	0.325	0.883443	0.883539	0.883192	0.88371	
2.7	0.35	0.475	0.885681	0.885604	0.885416	0.885845	
2.7	0.35	0.65	0.884997	0.884919	0.884738	0.885159	
2.7	0.35	1.125	0.852101	0.851991	0.851916	0.852188	
2.7	0.45	0.05	0.893147	0.897671	0.892659	0.895881	
2.7	0.45	0.175	0.894846	0.899085	0.894374	0.89742	
2.7	0.45	0.325	0.891152	0.891154	0.891177	0.891283	
2.7	0.45	0.475	0.873018	0.872886	0.873018	0.873051	
2.7	0.45	0.65	0.853035	0.852923	0.85285	0.853121	
2.7	0.45	1.125	0.851837	0.851726	0.851657	0.851921	
2.7	0.55	0.05	0.86878	0.872788	0.868614	0.871077	
2.7	0.55	0.175	0.863391	0.863382	0.863725	0.863362	
2.7	0.55	0.325	0.882426	0.882239	0.882562	0.882355	
2.7	0.55	0.475	0.873623	0.873482	0.873628	0.873644	
2.7	0.55	0.65	0.852687	0.852574	0.852508	0.852771	
2.7	0.55	1.125	0.851501	0.85139	0.851325	0.851584	
2.7	0.65	0.05	0.862416	0.862393	0.862757	0.862371	
2.7	0.65	0.175	0.862301	0.862266	0.862638	0.862249	
2.7	0.65	0.325	0.878874	0.878684	0.879044	0.878783	
2.7	0.65	0.475	0.860754	0.860584	0.860704	0.860733	
2.7	0.65	0.65	0.860956	0.860789	0.860895	0.860943	
2.7	0.65	1.125	0.851233	0.851121	0.851059	0.851315	
2.7	0.75	0.05	0.861304	0.861261	0.861644	0.861242	
2.7	0.75	0.175	0.846286	0.846117	0.846627	0.846116	
2.7	0.75	0.325	0.846085	0.845919	0.846386	0.845935	
2.7	0.75	0.475	0.845795	0.845632	0.846073	0.845658	
2.7	0.75	0.65	0.85948	0.859311	0.859434	0.859458	
2.7	0.75	1.125	0.860112	0.859946	0.860053	0.860097	
2.7	0.9	0.05	0.844868	0.8447	0.84519	0.844704	
2.7	0.9	0.175	0.844807	0.844639	0.845111	0.844651	
2.7	0.9	0.325	0.845002	0.844837	0.845281	0.84486	
2.7	0.9	0.475	0.845006	0.844842	0.845277	0.844869	
2.7	0.9	0.65	0.858262	0.858094	0.858224	0.858237	
2.7	0.9	1.125	0.859234	0.859067	0.859184	0.859214	
3.465	0.35	0.05	0.870148	0.870379	0.869845	0.87065	
3.465	0.35	0.175	0.870518	0.870723	0.870231	0.870977	
3.465	0.35	0.325	0.891698	0.891222	0.890756	0.892283	
3.465	0.35	0.475	0.894466	0.893948	0.893453	0.895085	
3.465	0.35	0.65	0.880256	0.879715	0.879315	0.88097	
3.465	0.35	1.125	0.915539	0.91498	0.914481	0.916297	
3.465	0.45	0.05	0.82802	0.828038	0.827924	0.82813	
3.465	0.45	0.175	0.856761	0.856533	0.856195	0.857091	
3.465	0.45	0.325	0.861484	0.861189	0.860798	0.861867	
3.465	0.45	0.475	0.897685	0.89735	0.896847	0.898122	
3.465	0.45	0.65	0.884544	0.884198	0.883797	0.885077	
3.465	0.45	1.125	0.884142	0.883807	0.883415	0.884671	
3.465	0.55	0.05	0.854579	0.854553	0.854361	0.854725	
3.465	0.55	0.175	0.859498	0.859158	0.858771	0.859852	
3.465	0.55	0.325	0.882955	0.882592	0.882175	0.88348	
3.465	0.55	0.475	0.883934	0.883595	0.883201	0.884467	
3.465	0.55	0.65	0.883961	0.883631	0.883244	0.884493	
3.465	0.55	1.125	0.870044	0.869704	0.869474	0.870506	
3.465	0.65	0.05	0.859758	0.859441	0.859088	0.860078	
3.465	0.65	0.175	0.878134	0.877812	0.877437	0.87863	
3.465	0.65	0.325	0.851335	0.851052	0.850804	0.851822	
3.465	0.65	0.475	0.850394	0.850116	0.849874	0.850872	
3.465	0.65	0.65	0.868982	0.868661	0.868448	0.869441	
3.465	0.65	1.125	0.869257	0.868927	0.868708	0.869711	
3.465	0.75	0.05	0.844554	0.844495	0.844405	0.844787	
3.465	0.75	0.175	0.832711	0.832652	0.83269	0.832935	
3.465	0.75	0.325	0.840605	0.84055	0.840583	0.840902	
3.465	0.75	0.475	0.86596	0.865688	0.865519	0.86641	
3.465	0.75	0.65	0.867675	0.867373	0.867179	0.868124	
3.465	0.75	1.125	0.868678	0.868354	0.868142	0.869125	
3.465	0.9	0.05	0.833039	0.832973	0.833016	0.833239	
3.465	0.9	0.175	0.836489	0.836427	0.836467	0.83673	
3.465	0.9	0.325	0.839756	0.839694	0.839733	0.840022	
3.465	0.9	0.475	0.863374	0.863121	0.862977	0.86379	
3.465	0.9	0.65	0.866089	0.865803	0.865628	0.86652	
3.465	0.9	1.125	0.867894	0.867578	0.867377	0.868332	
3.99	0.35	0.05	0.947386	0.946865	0.945927	0.948641	
3.99	0.35	0.175	0.946529	0.945993	0.945055	0.947775	
3.99	0.35	0.325	0.925692	0.925002	0.924366	0.926756	
3.99	0.35	0.475	0.923726	0.92305	0.922428	0.924776	
3.99	0.35	0.65	0.922224	0.921564	0.920955	0.923262	
3.99	0.35	1.125	0.921163	0.920517	0.919919	0.922194	
3.99	0.45	0.05	0.9459	0.945352	0.944413	0.947139	
3.99	0.45	0.175	0.925437	0.924738	0.9241	0.926498	
3.99	0.45	0.325	0.923679	0.922991	0.922364	0.924727	
3.99	0.45	0.475	0.922077	0.921408	0.920796	0.923114	
3.99	0.45	0.65	0.920953	0.9203	0.919701	0.921981	
3.99	0.45	1.125	0.920309	0.91967	0.91908	0.921333	
3.99	0.55	0.05	0.924117	0.923422	0.92279	0.925168	
3.99	0.55	0.175	0.922822	0.922131	0.921505	0.923862	
3.99	0.55	0.325	0.92128	0.920606	0.919994	0.922309	
3.99	0.55	0.475	0.920081	0.919427	0.91883	0.921102	
3.99	0.55	0.65	0.919592	0.918951	0.918363	0.92061	
3.99	0.55	1.125	0.919524	0.918892	0.918309	0.920542	
3.99	0.65	0.05	0.921427	0.920751	0.920138	0.922457	
3.99	0.65	0.175	0.920102	0.919436	0.918832	0.921122	
3.99	0.65	0.325	0.918829	0.918181	0.917592	0.91984	
3.99	0.65	0.475	0.91814	0.917506	0.916928	0.919147	
3.99	0.65	0.65	0.918085	0.91746	0.916886	0.919092	
3.99	0.65	1.125	0.881847	0.881322	0.880949	0.882553	
3.99	0.75	0.05	0.919101	0.918453	0.917863	0.920114	
3.99	0.75	0.175	0.917653	0.917018	0.91644	0.918655	
3.99	0.75	0.325	0.916517	0.915898	0.915334	0.917511	
3.99	0.75	0.475	0.884671	0.884146	0.883763	0.885402	
3.99	0.75	0.65	0.883115	0.882596	0.882221	0.883833	
3.99	0.75	1.125	0.880966	0.880451	0.880085	0.881666	
3.99	0.9	0.05	0.883349	0.882829	0.882451	0.884069	
3.99	0.9	0.175	0.883403	0.882893	0.882521	0.884125	
3.99	0.9	0.325	0.882873	0.882371	0.882006	0.883591	
3.99	0.9	0.475	0.882424	0.88192	0.881556	0.883138	
3.99	0.9	0.65	0.881071	0.880574	0.880216	0.881773	
3.99	0.9	1.125	0.879996	0.879491	0.879132	0.880689	
