#Nu	Zh	Pt2	RCC	RCFe	RCPb	RCD2##### RCX = (sig_rad/sig_born)_X
2.7	0.35	0.05	0.901138	0.904001	0.903261	0.908374	
2.7	0.35	0.175	0.903457	0.906059	0.905431	0.91014	
2.7	0.35	0.325	0.88782	0.888158	0.887541	0.888842	
2.7	0.35	0.475	0.89012	0.890122	0.889783	0.890666	
2.7	0.35	0.65	0.889369	0.889373	0.889033	0.889907	
2.7	0.35	1.125	0.855667	0.855563	0.855478	0.856051	
2.7	0.45	0.05	0.900632	0.9032	0.902663	0.907149	
2.7	0.45	0.175	0.902407	0.904805	0.904342	0.908572	
2.7	0.45	0.325	0.895272	0.895526	0.895795	0.896064	
2.7	0.45	0.475	0.877747	0.877625	0.878218	0.878029	
2.7	0.45	0.65	0.856558	0.856458	0.856365	0.856943	
2.7	0.45	1.125	0.855248	0.855149	0.85506	0.855624	
2.7	0.55	0.05	0.874526	0.876683	0.87695	0.879747	
2.7	0.55	0.175	0.865651	0.865782	0.866788	0.865745	
2.7	0.55	0.325	0.887326	0.887028	0.888229	0.887189	
2.7	0.55	0.475	0.876662	0.876518	0.87714	0.876915	
2.7	0.55	0.65	0.856053	0.855957	0.855861	0.856428	
2.7	0.55	1.125	0.854824	0.854726	0.854637	0.855194	
2.7	0.65	0.05	0.864765	0.864854	0.865927	0.864786	
2.7	0.65	0.175	0.864677	0.86474	0.865825	0.864659	
2.7	0.65	0.325	0.883546	0.883232	0.884512	0.88332	
2.7	0.65	0.475	0.864352	0.864074	0.864557	0.864289	
2.7	0.65	0.65	0.864505	0.864237	0.864681	0.864475	
2.7	0.65	1.125	0.854474	0.854377	0.854288	0.854839	
2.7	0.75	0.05	0.863761	0.863795	0.864918	0.86369	
2.7	0.75	0.175	0.847983	0.847646	0.849185	0.847407	
2.7	0.75	0.325	0.847579	0.847275	0.84864	0.847076	
2.7	0.75	0.475	0.84713	0.846847	0.848111	0.846676	
2.7	0.75	0.65	0.862933	0.862657	0.863137	0.862865	
2.7	0.75	1.125	0.863635	0.863361	0.863822	0.863596	
2.7	0.9	0.05	0.846482	0.846149	0.847618	0.845918	
2.7	0.9	0.175	0.846373	0.846051	0.847442	0.845833	
2.7	0.9	0.325	0.846427	0.846129	0.847406	0.845941	
2.7	0.9	0.475	0.846346	0.846058	0.8473	0.845885	
2.7	0.9	0.65	0.861586	0.861312	0.861798	0.861504	
2.7	0.9	1.125	0.862705	0.862427	0.862908	0.862645	
3.465	0.35	0.05	0.872369	0.872711	0.871939	0.873149	
3.465	0.35	0.175	0.872379	0.872691	0.87196	0.873107	
3.465	0.35	0.325	0.897387	0.896302	0.895464	0.898576	
3.465	0.35	0.475	0.900763	0.899559	0.898692	0.902015	
3.465	0.35	0.65	0.888074	0.886698	0.886125	0.889527	
3.465	0.35	1.125	0.925124	0.92374	0.923125	0.926826	
3.465	0.45	0.05	0.82921	0.829242	0.82901	0.829446	
3.465	0.45	0.175	0.861457	0.86072	0.860287	0.86209	
3.465	0.45	0.325	0.867314	0.866369	0.865897	0.868042	
3.465	0.45	0.475	0.906521	0.905521	0.905008	0.907507	
3.465	0.45	0.65	0.893677	0.892536	0.892295	0.89488	
3.465	0.45	1.125	0.893138	0.892027	0.891799	0.894336	
3.465	0.55	0.05	0.858135	0.858099	0.857884	0.85858	
3.465	0.55	0.175	0.867907	0.866881	0.866565	0.868723	
3.465	0.55	0.325	0.89234	0.891156	0.890889	0.893515	
3.465	0.55	0.475	0.892947	0.891821	0.89159	0.894148	
3.465	0.55	0.65	0.892861	0.891758	0.891538	0.894064	
3.465	0.55	1.125	0.874859	0.873838	0.873615	0.87581	
3.465	0.65	0.05	0.867295	0.866346	0.866128	0.868052	
3.465	0.65	0.175	0.886908	0.885844	0.885625	0.888029	
3.465	0.65	0.325	0.856574	0.855531	0.855458	0.857539	
3.465	0.65	0.475	0.855458	0.854432	0.854367	0.856407	
3.465	0.65	0.65	0.87354	0.872566	0.87237	0.87449	
3.465	0.65	1.125	0.8739	0.872911	0.872699	0.874837	
3.465	0.75	0.05	0.84784	0.847602	0.847728	0.848475	
3.465	0.75	0.175	0.83357	0.833386	0.833495	0.834079	
3.465	0.75	0.325	0.841661	0.841438	0.841569	0.842324	
3.465	0.75	0.475	0.86983	0.868979	0.868854	0.87077	
3.465	0.75	0.65	0.871934	0.871016	0.870842	0.872867	
3.465	0.75	1.125	0.873198	0.872232	0.872026	0.874124	
3.465	0.9	0.05	0.833834	0.83367	0.833751	0.834298	
3.465	0.9	0.175	0.837287	0.837096	0.837202	0.837835	
3.465	0.9	0.325	0.840624	0.84042	0.84053	0.841228	
3.465	0.9	0.475	0.866796	0.866024	0.865913	0.867674	
3.465	0.9	0.65	0.870033	0.869172	0.869014	0.870934	
3.465	0.9	1.125	0.872255	0.871319	0.871121	0.873166	
3.99	0.35	0.05	0.95515	0.954084	0.952615	0.957395	
3.99	0.35	0.175	0.954557	0.953435	0.951969	0.956793	
3.99	0.35	0.325	0.933368	0.931895	0.930894	0.935432	
3.99	0.35	0.475	0.931478	0.92999	0.929036	0.933518	
3.99	0.35	0.65	0.92994	0.928459	0.927544	0.931961	
3.99	0.35	1.125	0.9288	0.927334	0.926449	0.930808	
3.99	0.45	0.05	0.954171	0.952999	0.951536	0.956399	
3.99	0.45	0.175	0.933251	0.93175	0.930744	0.935313	
3.99	0.45	0.325	0.931607	0.930084	0.92912	0.933646	
3.99	0.45	0.475	0.929949	0.928437	0.927518	0.931968	
3.99	0.45	0.65	0.928715	0.927224	0.926338	0.930721	
3.99	0.45	1.125	0.927945	0.926479	0.925614	0.929944	
3.99	0.55	0.05	0.932088	0.930556	0.929579	0.934132	
3.99	0.55	0.175	0.930931	0.929372	0.928423	0.932959	
3.99	0.55	0.325	0.929352	0.9278	0.926893	0.93136	
3.99	0.55	0.475	0.927998	0.926476	0.925605	0.929992	
3.99	0.55	0.65	0.927348	0.925858	0.925004	0.929337	
3.99	0.55	1.125	0.927143	0.92568	0.924833	0.929132	
3.99	0.65	0.05	0.929505	0.927952	0.927042	0.931515	
3.99	0.65	0.175	0.92823	0.926667	0.925789	0.930223	
3.99	0.65	0.325	0.926837	0.925297	0.924454	0.928815	
3.99	0.65	0.475	0.92599	0.924481	0.923659	0.927961	
3.99	0.65	0.65	0.925794	0.924313	0.923496	0.927766	
3.99	0.65	1.125	0.887963	0.886601	0.886117	0.889407	
3.99	0.75	0.05	0.927058	0.925529	0.924681	0.929041	
3.99	0.75	0.175	0.925606	0.924076	0.923264	0.92757	
3.99	0.75	0.325	0.924344	0.922839	0.922057	0.926296	
3.99	0.75	0.475	0.891135	0.889734	0.889258	0.892628	
3.99	0.75	0.65	0.88938	0.888005	0.887535	0.890848	
3.99	0.75	1.125	0.886977	0.885632	0.885164	0.888408	
3.99	0.9	0.05	0.889678	0.888293	0.887824	0.891148	
3.99	0.9	0.175	0.889706	0.888331	0.88788	0.891179	
3.99	0.9	0.325	0.88908	0.887723	0.887285	0.890547	
3.99	0.9	0.475	0.888577	0.887225	0.886782	0.890036	
3.99	0.9	0.65	0.887066	0.885735	0.885301	0.888503	
3.99	0.9	1.125	0.88589	0.884564	0.884112	0.887306	
