#Q2	Xb	Zh	Pt	Phi	SigmaB	SigmaOb	Tail1	Taile2	Fact_noex	Fact_ex
1.24393	0.192365	0.221308	0.240172	-172.5	0	0	0	0	0.971009	0.971009
1.24393	0.192365	0.221308	0.240172	-157.5	0	0	0	0	0.975536	0.975536
1.24393	0.192365	0.221308	0.240172	-142.5	0	0	0	0	0.985282	0.985282
1.24393	0.192365	0.221308	0.240172	-127.5	0	0	0	0	0.993681	0.993681
1.24393	0.192365	0.221308	0.240172	-112.5	0	0	0	0	0.993808	0.993808
1.24393	0.192365	0.221308	0.240172	-97.5	0	0	0	0	0.99295	0.99295
1.24393	0.192365	0.221308	0.240172	-82.5	0	0	0	0	0.991085	0.991085
1.24393	0.192365	0.221308	0.240172	-67.5	0	0	0	0	0.990124	0.990124
1.24393	0.192365	0.221308	0.240172	-52.5	0	0	0	0	0.988997	0.988997
1.24393	0.192365	0.221308	0.240172	-37.5	0	0	0	0	0.989047	0.989047
1.24393	0.192365	0.221308	0.240172	-22.5	0	0	0	0	0.988673	0.988673
1.24393	0.192365	0.221308	0.240172	-7.5	0	0	0	0	0.988532	0.988532
1.24393	0.192365	0.221308	0.240172	7.5	0	0	0	0	0.988532	0.988532
1.24393	0.192365	0.221308	0.240172	22.5	0	0	0	0	0.988673	0.988673
1.24393	0.192365	0.221308	0.240172	37.5	0	0	0	0	0.989047	0.989047
1.24393	0.192365	0.221308	0.240172	52.5	0	0	0	0	0.988997	0.988997
1.24393	0.192365	0.221308	0.240172	67.5	0	0	0	0	0.990124	0.990124
1.24393	0.192365	0.221308	0.240172	82.5	0	0	0	0	0.991085	0.991085
1.24393	0.192365	0.221308	0.240172	97.5	0	0	0	0	0.99295	0.99295
1.24393	0.192365	0.221308	0.240172	112.5	0	0	0	0	0.993808	0.993808
1.24393	0.192365	0.221308	0.240172	127.5	0	0	0	0	0.993681	0.993681
1.24393	0.192365	0.221308	0.240172	142.5	0	0	0	0	0.985282	0.985282
1.24393	0.192365	0.221308	0.240172	157.5	0	0	0	0	0.975536	0.975536
1.24393	0.192365	0.221308	0.240172	172.5	0	0	0	0	0.971009	0.971009
1.75685	0.25267	0.2202	0.248965	-172.5	0	0	0	0	0.957961	0.957961
1.75685	0.25267	0.2202	0.248965	-157.5	0	0	0	0	0.961405	0.961405
1.75685	0.25267	0.2202	0.248965	-142.5	0	0	0	0	0.962962	0.962962
1.75685	0.25267	0.2202	0.248965	-127.5	0	0	0	0	0.966541	0.966541
1.75685	0.25267	0.2202	0.248965	-112.5	0	0	0	0	0.966212	0.966212
1.75685	0.25267	0.2202	0.248965	-97.5	0	0	0	0	0.965599	0.965599
1.75685	0.25267	0.2202	0.248965	-82.5	0	0	0	0	0.962807	0.962807
1.75685	0.25267	0.2202	0.248965	-67.5	0	0	0	0	0.962431	0.962431
1.75685	0.25267	0.2202	0.248965	-52.5	0	0	0	0	0.962928	0.962928
1.75685	0.25267	0.2202	0.248965	-37.5	0	0	0	0	0.961617	0.961617
1.75685	0.25267	0.2202	0.248965	-22.5	0	0	0	0	0.960916	0.960916
1.75685	0.25267	0.2202	0.248965	-7.5	0	0	0	0	0.960653	0.960653
1.75685	0.25267	0.2202	0.248965	7.5	0	0	0	0	0.960653	0.960653
1.75685	0.25267	0.2202	0.248965	22.5	0	0	0	0	0.960916	0.960916
1.75685	0.25267	0.2202	0.248965	37.5	0	0	0	0	0.961617	0.961617
1.75685	0.25267	0.2202	0.248965	52.5	0	0	0	0	0.962928	0.962928
1.75685	0.25267	0.2202	0.248965	67.5	0	0	0	0	0.962431	0.962431
1.75685	0.25267	0.2202	0.248965	82.5	0	0	0	0	0.962807	0.962807
1.75685	0.25267	0.2202	0.248965	97.5	0	0	0	0	0.965599	0.965599
1.75685	0.25267	0.2202	0.248965	112.5	0	0	0	0	0.966212	0.966212
1.75685	0.25267	0.2202	0.248965	127.5	0	0	0	0	0.966541	0.966541
1.75685	0.25267	0.2202	0.248965	142.5	0	0	0	0	0.962962	0.962962
1.75685	0.25267	0.2202	0.248965	157.5	0	0	0	0	0.961405	0.961405
1.75685	0.25267	0.2202	0.248965	172.5	0	0	0	0	0.957961	0.957961
1.44864	0.308072	0.228328	0.184991	-172.5	0	0	0	0	0.898647	0.898647
1.44864	0.308072	0.228328	0.184991	-157.5	0	0	0	0	0.900695	0.900695
1.44864	0.308072	0.228328	0.184991	-142.5	0	0	0	0	0.901501	0.901501
1.44864	0.308072	0.228328	0.184991	-127.5	0	0	0	0	0.901484	0.901484
1.44864	0.308072	0.228328	0.184991	-112.5	0	0	0	0	0.901474	0.901474
1.44864	0.308072	0.228328	0.184991	-97.5	0	0	0	0	0.900252	0.900252
1.44864	0.308072	0.228328	0.184991	-82.5	0	0	0	0	0.901269	0.901269
1.44864	0.308072	0.228328	0.184991	-67.5	0	0	0	0	0.920117	0.920117
1.44864	0.308072	0.228328	0.184991	-52.5	0	0	0	0	0.909812	0.909812
1.44864	0.308072	0.228328	0.184991	-37.5	0	0	0	0	0.901219	0.901219
1.44864	0.308072	0.228328	0.184991	-22.5	0	0	0	0	0.897609	0.897609
1.44864	0.308072	0.228328	0.184991	-7.5	0	0	0	0	0.895287	0.895287
1.44864	0.308072	0.228328	0.184991	7.5	0	0	0	0	0.895287	0.895287
1.44864	0.308072	0.228328	0.184991	22.5	0	0	0	0	0.897609	0.897609
1.44864	0.308072	0.228328	0.184991	37.5	0	0	0	0	0.901219	0.901219
1.44864	0.308072	0.228328	0.184991	52.5	0	0	0	0	0.909812	0.909812
1.44864	0.308072	0.228328	0.184991	67.5	0	0	0	0	0.920117	0.920117
1.44864	0.308072	0.228328	0.184991	82.5	0	0	0	0	0.901269	0.901269
1.44864	0.308072	0.228328	0.184991	97.5	0	0	0	0	0.900252	0.900252
1.44864	0.308072	0.228328	0.184991	112.5	0	0	0	0	0.901474	0.901474
1.44864	0.308072	0.228328	0.184991	127.5	0	0	0	0	0.901484	0.901484
1.44864	0.308072	0.228328	0.184991	142.5	0	0	0	0	0.901501	0.901501
1.44864	0.308072	0.228328	0.184991	157.5	0	0	0	0	0.900695	0.900695
1.44864	0.308072	0.228328	0.184991	172.5	0	0	0	0	0.898647	0.898647
2.35246	0.365424	0.22232	0.22628	-172.5	0	0	0	0	0.793559	0.793559
2.35246	0.365424	0.22232	0.22628	-157.5	0	0	0	0	0.793359	0.793359
2.35246	0.365424	0.22232	0.22628	-142.5	0	0	0	0	0.792812	0.792812
2.35246	0.365424	0.22232	0.22628	-127.5	0	0	0	0	0.791998	0.791998
2.35246	0.365424	0.22232	0.22628	-112.5	0	0	0	0	0.79092	0.79092
2.35246	0.365424	0.22232	0.22628	-97.5	0	0	0	0	0.789747	0.789747
2.35246	0.365424	0.22232	0.22628	-82.5	0	0	0	0	0.788729	0.788729
2.35246	0.365424	0.22232	0.22628	-67.5	0	0	0	0	0.789299	0.789299
2.35246	0.365424	0.22232	0.22628	-52.5	0	0	0	0	0.78875	0.78875
2.35246	0.365424	0.22232	0.22628	-37.5	0	0	0	0	0.788247	0.788247
2.35246	0.365424	0.22232	0.22628	-22.5	0	0	0	0	0.787961	0.787961
2.35246	0.365424	0.22232	0.22628	-7.5	0	0	0	0	0.787833	0.787833
2.35246	0.365424	0.22232	0.22628	7.5	0	0	0	0	0.787833	0.787833
2.35246	0.365424	0.22232	0.22628	22.5	0	0	0	0	0.787961	0.787961
2.35246	0.365424	0.22232	0.22628	37.5	0	0	0	0	0.788247	0.788247
2.35246	0.365424	0.22232	0.22628	52.5	0	0	0	0	0.78875	0.78875
2.35246	0.365424	0.22232	0.22628	67.5	0	0	0	0	0.789299	0.789299
2.35246	0.365424	0.22232	0.22628	82.5	0	0	0	0	0.788729	0.788729
2.35246	0.365424	0.22232	0.22628	97.5	0	0	0	0	0.789747	0.789747
2.35246	0.365424	0.22232	0.22628	112.5	0	0	0	0	0.79092	0.79092
2.35246	0.365424	0.22232	0.22628	127.5	0	0	0	0	0.791998	0.791998
2.35246	0.365424	0.22232	0.22628	142.5	0	0	0	0	0.792812	0.792812
2.35246	0.365424	0.22232	0.22628	157.5	0	0	0	0	0.793359	0.793359
2.35246	0.365424	0.22232	0.22628	172.5	0	0	0	0	0.793559	0.793559
1.24489	0.198196	0.36508	0.352355	-172.5	0	0	0	0	0.929523	0.929523
1.24489	0.198196	0.36508	0.352355	-157.5	0	0	0	0	0.930113	0.930113
1.24489	0.198196	0.36508	0.352355	-142.5	0	0	0	0	0.930912	0.930912
1.24489	0.198196	0.36508	0.352355	-127.5	0	0	0	0	0.933184	0.933184
1.24489	0.198196	0.36508	0.352355	-112.5	0	0	0	0	0.93152	0.93152
1.24489	0.198196	0.36508	0.352355	-97.5	0	0	0	0	0.930495	0.930495
1.24489	0.198196	0.36508	0.352355	-82.5	0	0	0	0	0.929954	0.929954
1.24489	0.198196	0.36508	0.352355	-67.5	0	0	0	0	0.931858	0.931858
1.24489	0.198196	0.36508	0.352355	-52.5	0	0	0	0	0.932546	0.932546
1.24489	0.198196	0.36508	0.352355	-37.5	0	0	0	0	0.932436	0.932436
1.24489	0.198196	0.36508	0.352355	-22.5	0	0	0	0	0.930028	0.930028
1.24489	0.198196	0.36508	0.352355	-7.5	0	0	0	0	0.927335	0.927335
1.24489	0.198196	0.36508	0.352355	7.5	0	0	0	0	0.927335	0.927335
1.24489	0.198196	0.36508	0.352355	22.5	0	0	0	0	0.930028	0.930028
1.24489	0.198196	0.36508	0.352355	37.5	0	0	0	0	0.932436	0.932436
1.24489	0.198196	0.36508	0.352355	52.5	0	0	0	0	0.932546	0.932546
1.24489	0.198196	0.36508	0.352355	67.5	0	0	0	0	0.931858	0.931858
1.24489	0.198196	0.36508	0.352355	82.5	0	0	0	0	0.929954	0.929954
1.24489	0.198196	0.36508	0.352355	97.5	0	0	0	0	0.930495	0.930495
1.24489	0.198196	0.36508	0.352355	112.5	0	0	0	0	0.93152	0.93152
1.24489	0.198196	0.36508	0.352355	127.5	0	0	0	0	0.933184	0.933184
1.24489	0.198196	0.36508	0.352355	142.5	0	0	0	0	0.930912	0.930912
1.24489	0.198196	0.36508	0.352355	157.5	0	0	0	0	0.930113	0.930113
1.24489	0.198196	0.36508	0.352355	172.5	0	0	0	0	0.929523	0.929523
1.7471	0.254692	0.3642	0.363195	-172.5	0	0	0	0	0.919962	0.919962
1.7471	0.254692	0.3642	0.363195	-157.5	0	0	0	0	0.923274	0.923274
1.7471	0.254692	0.3642	0.363195	-142.5	0	0	0	0	0.925252	0.925252
1.7471	0.254692	0.3642	0.363195	-127.5	0	0	0	0	0.927058	0.927058
1.7471	0.254692	0.3642	0.363195	-112.5	0	0	0	0	0.926127	0.926127
1.7471	0.254692	0.3642	0.363195	-97.5	0	0	0	0	0.927044	0.927044
1.7471	0.254692	0.3642	0.363195	-82.5	0	0	0	0	0.924918	0.924918
1.7471	0.254692	0.3642	0.363195	-67.5	0	0	0	0	0.923766	0.923766
1.7471	0.254692	0.3642	0.363195	-52.5	0	0	0	0	0.912596	0.912596
1.7471	0.254692	0.3642	0.363195	-37.5	0	0	0	0	0.902938	0.902938
1.7471	0.254692	0.3642	0.363195	-22.5	0	0	0	0	0.900302	0.900302
1.7471	0.254692	0.3642	0.363195	-7.5	0	0	0	0	0.899832	0.899832
1.7471	0.254692	0.3642	0.363195	7.5	0	0	0	0	0.899832	0.899832
1.7471	0.254692	0.3642	0.363195	22.5	0	0	0	0	0.900302	0.900302
1.7471	0.254692	0.3642	0.363195	37.5	0	0	0	0	0.902938	0.902938
1.7471	0.254692	0.3642	0.363195	52.5	0	0	0	0	0.912596	0.912596
1.7471	0.254692	0.3642	0.363195	67.5	0	0	0	0	0.923766	0.923766
1.7471	0.254692	0.3642	0.363195	82.5	0	0	0	0	0.924918	0.924918
1.7471	0.254692	0.3642	0.363195	97.5	0	0	0	0	0.927044	0.927044
1.7471	0.254692	0.3642	0.363195	112.5	0	0	0	0	0.926127	0.926127
1.7471	0.254692	0.3642	0.363195	127.5	0	0	0	0	0.927058	0.927058
1.7471	0.254692	0.3642	0.363195	142.5	0	0	0	0	0.925252	0.925252
1.7471	0.254692	0.3642	0.363195	157.5	0	0	0	0	0.923274	0.923274
1.7471	0.254692	0.3642	0.363195	172.5	0	0	0	0	0.919962	0.919962
1.44809	0.308099	0.367553	0.273109	-172.5	0	0	0	0	0.8636	0.8636
1.44809	0.308099	0.367553	0.273109	-157.5	0	0	0	0	0.86395	0.86395
1.44809	0.308099	0.367553	0.273109	-142.5	0	0	0	0	0.86727	0.86727
1.44809	0.308099	0.367553	0.273109	-127.5	0	0	0	0	0.867588	0.867588
1.44809	0.308099	0.367553	0.273109	-112.5	0	0	0	0	0.867245	0.867245
1.44809	0.308099	0.367553	0.273109	-97.5	0	0	0	0	0.867437	0.867437
1.44809	0.308099	0.367553	0.273109	-82.5	0	0	0	0	0.867172	0.867172
1.44809	0.308099	0.367553	0.273109	-67.5	0	0	0	0	0.865724	0.865724
1.44809	0.308099	0.367553	0.273109	-52.5	0	0	0	0	0.866667	0.866667
1.44809	0.308099	0.367553	0.273109	-37.5	0	0	0	0	0.86625	0.86625
1.44809	0.308099	0.367553	0.273109	-22.5	0	0	0	0	0.865867	0.865867
1.44809	0.308099	0.367553	0.273109	-7.5	0	0	0	0	0.865382	0.865382
1.44809	0.308099	0.367553	0.273109	7.5	0	0	0	0	0.865382	0.865382
1.44809	0.308099	0.367553	0.273109	22.5	0	0	0	0	0.865867	0.865867
1.44809	0.308099	0.367553	0.273109	37.5	0	0	0	0	0.86625	0.86625
1.44809	0.308099	0.367553	0.273109	52.5	0	0	0	0	0.866667	0.866667
1.44809	0.308099	0.367553	0.273109	67.5	0	0	0	0	0.865724	0.865724
1.44809	0.308099	0.367553	0.273109	82.5	0	0	0	0	0.867172	0.867172
1.44809	0.308099	0.367553	0.273109	97.5	0	0	0	0	0.867437	0.867437
1.44809	0.308099	0.367553	0.273109	112.5	0	0	0	0	0.867245	0.867245
1.44809	0.308099	0.367553	0.273109	127.5	0	0	0	0	0.867588	0.867588
1.44809	0.308099	0.367553	0.273109	142.5	0	0	0	0	0.86727	0.86727
1.44809	0.308099	0.367553	0.273109	157.5	0	0	0	0	0.86395	0.86395
1.44809	0.308099	0.367553	0.273109	172.5	0	0	0	0	0.8636	0.8636
2.31045	0.365264	0.365582	0.327716	-172.5	0	0	0	0	0.788899	0.788899
2.31045	0.365264	0.365582	0.327716	-157.5	0	0	0	0	0.788697	0.788697
2.31045	0.365264	0.365582	0.327716	-142.5	0	0	0	0	0.789281	0.789281
2.31045	0.365264	0.365582	0.327716	-127.5	0	0	0	0	0.788683	0.788683
2.31045	0.365264	0.365582	0.327716	-112.5	0	0	0	0	0.79234	0.79234
2.31045	0.365264	0.365582	0.327716	-97.5	0	0	0	0	0.790808	0.790808
2.31045	0.365264	0.365582	0.327716	-82.5	0	0	0	0	0.790367	0.790367
2.31045	0.365264	0.365582	0.327716	-67.5	0	0	0	0	0.789281	0.789281
2.31045	0.365264	0.365582	0.327716	-52.5	0	0	0	0	0.788103	0.788103
2.31045	0.365264	0.365582	0.327716	-37.5	0	0	0	0	0.787465	0.787465
2.31045	0.365264	0.365582	0.327716	-22.5	0	0	0	0	0.78853	0.78853
2.31045	0.365264	0.365582	0.327716	-7.5	0	0	0	0	0.790865	0.790865
2.31045	0.365264	0.365582	0.327716	7.5	0	0	0	0	0.790865	0.790865
2.31045	0.365264	0.365582	0.327716	22.5	0	0	0	0	0.78853	0.78853
2.31045	0.365264	0.365582	0.327716	37.5	0	0	0	0	0.787465	0.787465
2.31045	0.365264	0.365582	0.327716	52.5	0	0	0	0	0.788103	0.788103
2.31045	0.365264	0.365582	0.327716	67.5	0	0	0	0	0.789281	0.789281
2.31045	0.365264	0.365582	0.327716	82.5	0	0	0	0	0.790367	0.790367
2.31045	0.365264	0.365582	0.327716	97.5	0	0	0	0	0.790808	0.790808
2.31045	0.365264	0.365582	0.327716	112.5	0	0	0	0	0.79234	0.79234
2.31045	0.365264	0.365582	0.327716	127.5	0	0	0	0	0.788683	0.788683
2.31045	0.365264	0.365582	0.327716	142.5	0	0	0	0	0.789281	0.789281
2.31045	0.365264	0.365582	0.327716	157.5	0	0	0	0	0.788697	0.788697
2.31045	0.365264	0.365582	0.327716	172.5	0	0	0	0	0.788899	0.788899
1.24565	0.202867	0.52982	0.438585	-172.5	0	0	0	0	0.909766	0.909766
1.24565	0.202867	0.52982	0.438585	-157.5	0	0	0	0	0.914834	0.914834
1.24565	0.202867	0.52982	0.438585	-142.5	0	0	0	0	0.921958	0.921958
1.24565	0.202867	0.52982	0.438585	-127.5	0	0	0	0	0.93642	0.93642
1.24565	0.202867	0.52982	0.438585	-112.5	0	0	0	0	0.954775	0.954775
1.24565	0.202867	0.52982	0.438585	-97.5	0	0	0	0	0.954018	0.954018
1.24565	0.202867	0.52982	0.438585	-82.5	0	0	0	0	0.951661	0.951661
1.24565	0.202867	0.52982	0.438585	-67.5	0	0	0	0	0.949823	0.949823
1.24565	0.202867	0.52982	0.438585	-52.5	0	0	0	0	0.948285	0.948285
1.24565	0.202867	0.52982	0.438585	-37.5	0	0	0	0	0.946806	0.946806
1.24565	0.202867	0.52982	0.438585	-22.5	0	0	0	0	0.945619	0.945619
1.24565	0.202867	0.52982	0.438585	-7.5	0	0	0	0	0.945329	0.945329
1.24565	0.202867	0.52982	0.438585	7.5	0	0	0	0	0.945329	0.945329
1.24565	0.202867	0.52982	0.438585	22.5	0	0	0	0	0.945619	0.945619
1.24565	0.202867	0.52982	0.438585	37.5	0	0	0	0	0.946806	0.946806
1.24565	0.202867	0.52982	0.438585	52.5	0	0	0	0	0.948285	0.948285
1.24565	0.202867	0.52982	0.438585	67.5	0	0	0	0	0.949823	0.949823
1.24565	0.202867	0.52982	0.438585	82.5	0	0	0	0	0.951661	0.951661
1.24565	0.202867	0.52982	0.438585	97.5	0	0	0	0	0.954018	0.954018
1.24565	0.202867	0.52982	0.438585	112.5	0	0	0	0	0.954775	0.954775
1.24565	0.202867	0.52982	0.438585	127.5	0	0	0	0	0.93642	0.93642
1.24565	0.202867	0.52982	0.438585	142.5	0	0	0	0	0.921958	0.921958
1.24565	0.202867	0.52982	0.438585	157.5	0	0	0	0	0.914834	0.914834
1.24565	0.202867	0.52982	0.438585	172.5	0	0	0	0	0.909766	0.909766
1.73861	0.256517	0.529038	0.448708	-172.5	0	0	0	0	0.909328	0.909328
1.73861	0.256517	0.529038	0.448708	-157.5	0	0	0	0	0.909362	0.909362
1.73861	0.256517	0.529038	0.448708	-142.5	0	0	0	0	0.910775	0.910775
1.73861	0.256517	0.529038	0.448708	-127.5	0	0	0	0	0.92743	0.92743
1.73861	0.256517	0.529038	0.448708	-112.5	0	0	0	0	0.950764	0.950764
1.73861	0.256517	0.529038	0.448708	-97.5	0	0	0	0	0.947532	0.947532
1.73861	0.256517	0.529038	0.448708	-82.5	0	0	0	0	0.945346	0.945346
1.73861	0.256517	0.529038	0.448708	-67.5	0	0	0	0	0.941158	0.941158
1.73861	0.256517	0.529038	0.448708	-52.5	0	0	0	0	0.939235	0.939235
1.73861	0.256517	0.529038	0.448708	-37.5	0	0	0	0	0.935858	0.935858
1.73861	0.256517	0.529038	0.448708	-22.5	0	0	0	0	0.93628	0.93628
1.73861	0.256517	0.529038	0.448708	-7.5	0	0	0	0	0.9351	0.9351
1.73861	0.256517	0.529038	0.448708	7.5	0	0	0	0	0.9351	0.9351
1.73861	0.256517	0.529038	0.448708	22.5	0	0	0	0	0.93628	0.93628
1.73861	0.256517	0.529038	0.448708	37.5	0	0	0	0	0.935858	0.935858
1.73861	0.256517	0.529038	0.448708	52.5	0	0	0	0	0.939235	0.939235
1.73861	0.256517	0.529038	0.448708	67.5	0	0	0	0	0.941158	0.941158
1.73861	0.256517	0.529038	0.448708	82.5	0	0	0	0	0.945346	0.945346
1.73861	0.256517	0.529038	0.448708	97.5	0	0	0	0	0.947532	0.947532
1.73861	0.256517	0.529038	0.448708	112.5	0	0	0	0	0.950764	0.950764
1.73861	0.256517	0.529038	0.448708	127.5	0	0	0	0	0.92743	0.92743
1.73861	0.256517	0.529038	0.448708	142.5	0	0	0	0	0.910775	0.910775
1.73861	0.256517	0.529038	0.448708	157.5	0	0	0	0	0.909362	0.909362
1.73861	0.256517	0.529038	0.448708	172.5	0	0	0	0	0.909328	0.909328
1.44796	0.308244	0.534102	0.36034	-172.5	0	0	0	0	0.874776	0.874776
1.44796	0.308244	0.534102	0.36034	-157.5	0	0	0	0	0.876309	0.876309
1.44796	0.308244	0.534102	0.36034	-142.5	0	0	0	0	0.877631	0.877631
1.44796	0.308244	0.534102	0.36034	-127.5	0	0	0	0	0.878481	0.878481
1.44796	0.308244	0.534102	0.36034	-112.5	0	0	0	0	0.87952	0.87952
1.44796	0.308244	0.534102	0.36034	-97.5	0	0	0	0	0.879553	0.879553
1.44796	0.308244	0.534102	0.36034	-82.5	0	0	0	0	0.878677	0.878677
1.44796	0.308244	0.534102	0.36034	-67.5	0	0	0	0	0.878384	0.878384
1.44796	0.308244	0.534102	0.36034	-52.5	0	0	0	0	0.87731	0.87731
1.44796	0.308244	0.534102	0.36034	-37.5	0	0	0	0	0.875519	0.875519
1.44796	0.308244	0.534102	0.36034	-22.5	0	0	0	0	0.873716	0.873716
1.44796	0.308244	0.534102	0.36034	-7.5	0	0	0	0	0.871672	0.871672
1.44796	0.308244	0.534102	0.36034	7.5	0	0	0	0	0.871672	0.871672
1.44796	0.308244	0.534102	0.36034	22.5	0	0	0	0	0.873716	0.873716
1.44796	0.308244	0.534102	0.36034	37.5	0	0	0	0	0.875519	0.875519
1.44796	0.308244	0.534102	0.36034	52.5	0	0	0	0	0.87731	0.87731
1.44796	0.308244	0.534102	0.36034	67.5	0	0	0	0	0.878384	0.878384
1.44796	0.308244	0.534102	0.36034	82.5	0	0	0	0	0.878677	0.878677
1.44796	0.308244	0.534102	0.36034	97.5	0	0	0	0	0.879553	0.879553
1.44796	0.308244	0.534102	0.36034	112.5	0	0	0	0	0.87952	0.87952
1.44796	0.308244	0.534102	0.36034	127.5	0	0	0	0	0.878481	0.878481
1.44796	0.308244	0.534102	0.36034	142.5	0	0	0	0	0.877631	0.877631
1.44796	0.308244	0.534102	0.36034	157.5	0	0	0	0	0.876309	0.876309
1.44796	0.308244	0.534102	0.36034	172.5	0	0	0	0	0.874776	0.874776
2.28115	0.365074	0.530744	0.408037	-172.5	0	0	0	0	0.771442	0.771442
2.28115	0.365074	0.530744	0.408037	-157.5	0	0	0	0	0.774641	0.774641
2.28115	0.365074	0.530744	0.408037	-142.5	0	0	0	0	0.781941	0.781941
2.28115	0.365074	0.530744	0.408037	-127.5	0	0	0	0	0.791103	0.791103
2.28115	0.365074	0.530744	0.408037	-112.5	0	0	0	0	0.791792	0.791792
2.28115	0.365074	0.530744	0.408037	-97.5	0	0	0	0	0.790109	0.790109
2.28115	0.365074	0.530744	0.408037	-82.5	0	0	0	0	0.793295	0.793295
2.28115	0.365074	0.530744	0.408037	-67.5	0	0	0	0	0.791481	0.791481
2.28115	0.365074	0.530744	0.408037	-52.5	0	0	0	0	0.791018	0.791018
2.28115	0.365074	0.530744	0.408037	-37.5	0	0	0	0	0.790075	0.790075
2.28115	0.365074	0.530744	0.408037	-22.5	0	0	0	0	0.792439	0.792439
2.28115	0.365074	0.530744	0.408037	-7.5	0	0	0	0	0.792361	0.792361
2.28115	0.365074	0.530744	0.408037	7.5	0	0	0	0	0.792361	0.792361
2.28115	0.365074	0.530744	0.408037	22.5	0	0	0	0	0.792439	0.792439
2.28115	0.365074	0.530744	0.408037	37.5	0	0	0	0	0.790075	0.790075
2.28115	0.365074	0.530744	0.408037	52.5	0	0	0	0	0.791018	0.791018
2.28115	0.365074	0.530744	0.408037	67.5	0	0	0	0	0.791481	0.791481
2.28115	0.365074	0.530744	0.408037	82.5	0	0	0	0	0.793295	0.793295
2.28115	0.365074	0.530744	0.408037	97.5	0	0	0	0	0.790109	0.790109
2.28115	0.365074	0.530744	0.408037	112.5	0	0	0	0	0.791792	0.791792
2.28115	0.365074	0.530744	0.408037	127.5	0	0	0	0	0.791103	0.791103
2.28115	0.365074	0.530744	0.408037	142.5	0	0	0	0	0.781941	0.781941
2.28115	0.365074	0.530744	0.408037	157.5	0	0	0	0	0.774641	0.774641
2.28115	0.365074	0.530744	0.408037	172.5	0	0	0	0	0.771442	0.771442
1.24696	0.20811	0.766021	0.529812	-172.5	0	0	0	0	0.87569	0.87569
1.24696	0.20811	0.766021	0.529812	-157.5	0	0	0	0	0.876758	0.876758
1.24696	0.20811	0.766021	0.529812	-142.5	0	0	0	0	0.877148	0.877148
1.24696	0.20811	0.766021	0.529812	-127.5	0	0	0	0	0.878511	0.878511
1.24696	0.20811	0.766021	0.529812	-112.5	0	0	0	0	0.879068	0.879068
1.24696	0.20811	0.766021	0.529812	-97.5	0	0	0	0	0.879616	0.879616
1.24696	0.20811	0.766021	0.529812	-82.5	0	0	0	0	0.879612	0.879612
1.24696	0.20811	0.766021	0.529812	-67.5	0	0	0	0	0.879024	0.879024
1.24696	0.20811	0.766021	0.529812	-52.5	0	0	0	0	0.878854	0.878854
1.24696	0.20811	0.766021	0.529812	-37.5	0	0	0	0	0.877987	0.877987
1.24696	0.20811	0.766021	0.529812	-22.5	0	0	0	0	0.87803	0.87803
1.24696	0.20811	0.766021	0.529812	-7.5	0	0	0	0	0.877549	0.877549
1.24696	0.20811	0.766021	0.529812	7.5	0	0	0	0	0.877549	0.877549
1.24696	0.20811	0.766021	0.529812	22.5	0	0	0	0	0.87803	0.87803
1.24696	0.20811	0.766021	0.529812	37.5	0	0	0	0	0.877987	0.877987
1.24696	0.20811	0.766021	0.529812	52.5	0	0	0	0	0.878854	0.878854
1.24696	0.20811	0.766021	0.529812	67.5	0	0	0	0	0.879024	0.879024
1.24696	0.20811	0.766021	0.529812	82.5	0	0	0	0	0.879612	0.879612
1.24696	0.20811	0.766021	0.529812	97.5	0	0	0	0	0.879616	0.879616
1.24696	0.20811	0.766021	0.529812	112.5	0	0	0	0	0.879068	0.879068
1.24696	0.20811	0.766021	0.529812	127.5	0	0	0	0	0.878511	0.878511
1.24696	0.20811	0.766021	0.529812	142.5	0	0	0	0	0.877148	0.877148
1.24696	0.20811	0.766021	0.529812	157.5	0	0	0	0	0.876758	0.876758
1.24696	0.20811	0.766021	0.529812	172.5	0	0	0	0	0.87569	0.87569
1.72947	0.258314	0.765348	0.543691	-172.5	0	0	0	0	0.87606	0.87606
1.72947	0.258314	0.765348	0.543691	-157.5	0	0	0	0	0.875269	0.875269
1.72947	0.258314	0.765348	0.543691	-142.5	0	0	0	0	0.875598	0.875598
1.72947	0.258314	0.765348	0.543691	-127.5	0	0	0	0	0.87501	0.87501
1.72947	0.258314	0.765348	0.543691	-112.5	0	0	0	0	0.874812	0.874812
1.72947	0.258314	0.765348	0.543691	-97.5	0	0	0	0	0.874045	0.874045
1.72947	0.258314	0.765348	0.543691	-82.5	0	0	0	0	0.873515	0.873515
1.72947	0.258314	0.765348	0.543691	-67.5	0	0	0	0	0.873031	0.873031
1.72947	0.258314	0.765348	0.543691	-52.5	0	0	0	0	0.872167	0.872167
1.72947	0.258314	0.765348	0.543691	-37.5	0	0	0	0	0.871598	0.871598
1.72947	0.258314	0.765348	0.543691	-22.5	0	0	0	0	0.87149	0.87149
1.72947	0.258314	0.765348	0.543691	-7.5	0	0	0	0	0.871041	0.871041
1.72947	0.258314	0.765348	0.543691	7.5	0	0	0	0	0.871041	0.871041
1.72947	0.258314	0.765348	0.543691	22.5	0	0	0	0	0.87149	0.87149
1.72947	0.258314	0.765348	0.543691	37.5	0	0	0	0	0.871598	0.871598
1.72947	0.258314	0.765348	0.543691	52.5	0	0	0	0	0.872167	0.872167
1.72947	0.258314	0.765348	0.543691	67.5	0	0	0	0	0.873031	0.873031
1.72947	0.258314	0.765348	0.543691	82.5	0	0	0	0	0.873515	0.873515
1.72947	0.258314	0.765348	0.543691	97.5	0	0	0	0	0.874045	0.874045
1.72947	0.258314	0.765348	0.543691	112.5	0	0	0	0	0.874812	0.874812
1.72947	0.258314	0.765348	0.543691	127.5	0	0	0	0	0.87501	0.87501
1.72947	0.258314	0.765348	0.543691	142.5	0	0	0	0	0.875598	0.875598
1.72947	0.258314	0.765348	0.543691	157.5	0	0	0	0	0.875269	0.875269
1.72947	0.258314	0.765348	0.543691	172.5	0	0	0	0	0.87606	0.87606
1.44613	0.308045	0.776676	0.434627	-172.5	0	0	0	0	0.831279	0.831279
1.44613	0.308045	0.776676	0.434627	-157.5	0	0	0	0	0.832033	0.832033
1.44613	0.308045	0.776676	0.434627	-142.5	0	0	0	0	0.833634	0.833634
1.44613	0.308045	0.776676	0.434627	-127.5	0	0	0	0	0.83491	0.83491
1.44613	0.308045	0.776676	0.434627	-112.5	0	0	0	0	0.836209	0.836209
1.44613	0.308045	0.776676	0.434627	-97.5	0	0	0	0	0.835108	0.835108
1.44613	0.308045	0.776676	0.434627	-82.5	0	0	0	0	0.832625	0.832625
1.44613	0.308045	0.776676	0.434627	-67.5	0	0	0	0	0.829943	0.829943
1.44613	0.308045	0.776676	0.434627	-52.5	0	0	0	0	0.826702	0.826702
1.44613	0.308045	0.776676	0.434627	-37.5	0	0	0	0	0.823927	0.823927
1.44613	0.308045	0.776676	0.434627	-22.5	0	0	0	0	0.822016	0.822016
1.44613	0.308045	0.776676	0.434627	-7.5	0	0	0	0	0.821045	0.821045
1.44613	0.308045	0.776676	0.434627	7.5	0	0	0	0	0.821045	0.821045
1.44613	0.308045	0.776676	0.434627	22.5	0	0	0	0	0.822016	0.822016
1.44613	0.308045	0.776676	0.434627	37.5	0	0	0	0	0.823927	0.823927
1.44613	0.308045	0.776676	0.434627	52.5	0	0	0	0	0.826702	0.826702
1.44613	0.308045	0.776676	0.434627	67.5	0	0	0	0	0.829943	0.829943
1.44613	0.308045	0.776676	0.434627	82.5	0	0	0	0	0.832625	0.832625
1.44613	0.308045	0.776676	0.434627	97.5	0	0	0	0	0.835108	0.835108
1.44613	0.308045	0.776676	0.434627	112.5	0	0	0	0	0.836209	0.836209
1.44613	0.308045	0.776676	0.434627	127.5	0	0	0	0	0.83491	0.83491
1.44613	0.308045	0.776676	0.434627	142.5	0	0	0	0	0.833634	0.833634
1.44613	0.308045	0.776676	0.434627	157.5	0	0	0	0	0.832033	0.832033
1.44613	0.308045	0.776676	0.434627	172.5	0	0	0	0	0.831279	0.831279
2.2499	0.365328	0.770904	0.49379	-172.5	0	0	0	0	0.791464	0.791464
2.2499	0.365328	0.770904	0.49379	-157.5	0	0	0	0	0.791209	0.791209
2.2499	0.365328	0.770904	0.49379	-142.5	0	0	0	0	0.792493	0.792493
2.2499	0.365328	0.770904	0.49379	-127.5	0	0	0	0	0.793398	0.793398
2.2499	0.365328	0.770904	0.49379	-112.5	0	0	0	0	0.79406	0.79406
2.2499	0.365328	0.770904	0.49379	-97.5	0	0	0	0	0.794606	0.794606
2.2499	0.365328	0.770904	0.49379	-82.5	0	0	0	0	0.794939	0.794939
2.2499	0.365328	0.770904	0.49379	-67.5	0	0	0	0	0.795307	0.795307
2.2499	0.365328	0.770904	0.49379	-52.5	0	0	0	0	0.795745	0.795745
2.2499	0.365328	0.770904	0.49379	-37.5	0	0	0	0	0.796198	0.796198
2.2499	0.365328	0.770904	0.49379	-22.5	0	0	0	0	0.795836	0.795836
2.2499	0.365328	0.770904	0.49379	-7.5	0	0	0	0	0.795678	0.795678
2.2499	0.365328	0.770904	0.49379	7.5	0	0	0	0	0.795678	0.795678
2.2499	0.365328	0.770904	0.49379	22.5	0	0	0	0	0.795836	0.795836
2.2499	0.365328	0.770904	0.49379	37.5	0	0	0	0	0.796198	0.796198
2.2499	0.365328	0.770904	0.49379	52.5	0	0	0	0	0.795745	0.795745
2.2499	0.365328	0.770904	0.49379	67.5	0	0	0	0	0.795307	0.795307
2.2499	0.365328	0.770904	0.49379	82.5	0	0	0	0	0.794939	0.794939
2.2499	0.365328	0.770904	0.49379	97.5	0	0	0	0	0.794606	0.794606
2.2499	0.365328	0.770904	0.49379	112.5	0	0	0	0	0.79406	0.79406
2.2499	0.365328	0.770904	0.49379	127.5	0	0	0	0	0.793398	0.793398
2.2499	0.365328	0.770904	0.49379	142.5	0	0	0	0	0.792493	0.792493
2.2499	0.365328	0.770904	0.49379	157.5	0	0	0	0	0.791209	0.791209
2.2499	0.365328	0.770904	0.49379	172.5	0	0	0	0	0.791464	0.791464
