#Q2	Xb	Zh	Pt	Phi	SigmaB	SigmaOb	Tail1	Taile2	Fact_noex	Fact_ex
1.24393	0.192365	0.221308	0.240172	-172.5	0	0	0	0	0.971081	0.971081
1.24393	0.192365	0.221308	0.240172	-157.5	0	0	0	0	0.975681	0.975681
1.24393	0.192365	0.221308	0.240172	-142.5	0	0	0	0	0.985651	0.985651
1.24393	0.192365	0.221308	0.240172	-127.5	0	0	0	0	0.994933	0.994933
1.24393	0.192365	0.221308	0.240172	-112.5	0	0	0	0	0.995203	0.995203
1.24393	0.192365	0.221308	0.240172	-97.5	0	0	0	0	0.994344	0.994344
1.24393	0.192365	0.221308	0.240172	-82.5	0	0	0	0	0.992424	0.992424
1.24393	0.192365	0.221308	0.240172	-67.5	0	0	0	0	0.991341	0.991341
1.24393	0.192365	0.221308	0.240172	-52.5	0	0	0	0	0.990017	0.990017
1.24393	0.192365	0.221308	0.240172	-37.5	0	0	0	0	0.989907	0.989907
1.24393	0.192365	0.221308	0.240172	-22.5	0	0	0	0	0.989388	0.989388
1.24393	0.192365	0.221308	0.240172	-7.5	0	0	0	0	0.989165	0.989165
1.24393	0.192365	0.221308	0.240172	7.5	0	0	0	0	0.989165	0.989165
1.24393	0.192365	0.221308	0.240172	22.5	0	0	0	0	0.989388	0.989388
1.24393	0.192365	0.221308	0.240172	37.5	0	0	0	0	0.989907	0.989907
1.24393	0.192365	0.221308	0.240172	52.5	0	0	0	0	0.990017	0.990017
1.24393	0.192365	0.221308	0.240172	67.5	0	0	0	0	0.991341	0.991341
1.24393	0.192365	0.221308	0.240172	82.5	0	0	0	0	0.992424	0.992424
1.24393	0.192365	0.221308	0.240172	97.5	0	0	0	0	0.994344	0.994344
1.24393	0.192365	0.221308	0.240172	112.5	0	0	0	0	0.995203	0.995203
1.24393	0.192365	0.221308	0.240172	127.5	0	0	0	0	0.994933	0.994933
1.24393	0.192365	0.221308	0.240172	142.5	0	0	0	0	0.985651	0.985651
1.24393	0.192365	0.221308	0.240172	157.5	0	0	0	0	0.975681	0.975681
1.24393	0.192365	0.221308	0.240172	172.5	0	0	0	0	0.971081	0.971081
1.75685	0.25267	0.2202	0.248965	-172.5	0	0	0	0	0.957675	0.957675
1.75685	0.25267	0.2202	0.248965	-157.5	0	0	0	0	0.960965	0.960965
1.75685	0.25267	0.2202	0.248965	-142.5	0	0	0	0	0.962362	0.962362
1.75685	0.25267	0.2202	0.248965	-127.5	0	0	0	0	0.965847	0.965847
1.75685	0.25267	0.2202	0.248965	-112.5	0	0	0	0	0.965613	0.965613
1.75685	0.25267	0.2202	0.248965	-97.5	0	0	0	0	0.965081	0.965081
1.75685	0.25267	0.2202	0.248965	-82.5	0	0	0	0	0.96234	0.96234
1.75685	0.25267	0.2202	0.248965	-67.5	0	0	0	0	0.962	0.962
1.75685	0.25267	0.2202	0.248965	-52.5	0	0	0	0	0.962538	0.962538
1.75685	0.25267	0.2202	0.248965	-37.5	0	0	0	0	0.961121	0.961121
1.75685	0.25267	0.2202	0.248965	-22.5	0	0	0	0	0.960375	0.960375
1.75685	0.25267	0.2202	0.248965	-7.5	0	0	0	0	0.96008	0.96008
1.75685	0.25267	0.2202	0.248965	7.5	0	0	0	0	0.96008	0.96008
1.75685	0.25267	0.2202	0.248965	22.5	0	0	0	0	0.960375	0.960375
1.75685	0.25267	0.2202	0.248965	37.5	0	0	0	0	0.961121	0.961121
1.75685	0.25267	0.2202	0.248965	52.5	0	0	0	0	0.962538	0.962538
1.75685	0.25267	0.2202	0.248965	67.5	0	0	0	0	0.962	0.962
1.75685	0.25267	0.2202	0.248965	82.5	0	0	0	0	0.96234	0.96234
1.75685	0.25267	0.2202	0.248965	97.5	0	0	0	0	0.965081	0.965081
1.75685	0.25267	0.2202	0.248965	112.5	0	0	0	0	0.965613	0.965613
1.75685	0.25267	0.2202	0.248965	127.5	0	0	0	0	0.965847	0.965847
1.75685	0.25267	0.2202	0.248965	142.5	0	0	0	0	0.962362	0.962362
1.75685	0.25267	0.2202	0.248965	157.5	0	0	0	0	0.960965	0.960965
1.75685	0.25267	0.2202	0.248965	172.5	0	0	0	0	0.957675	0.957675
1.44864	0.308072	0.228328	0.184991	-172.5	0	0	0	0	0.899295	0.899295
1.44864	0.308072	0.228328	0.184991	-157.5	0	0	0	0	0.903523	0.903523
1.44864	0.308072	0.228328	0.184991	-142.5	0	0	0	0	0.905175	0.905175
1.44864	0.308072	0.228328	0.184991	-127.5	0	0	0	0	0.903988	0.903988
1.44864	0.308072	0.228328	0.184991	-112.5	0	0	0	0	0.901796	0.901796
1.44864	0.308072	0.228328	0.184991	-97.5	0	0	0	0	0.898183	0.898183
1.44864	0.308072	0.228328	0.184991	-82.5	0	0	0	0	0.897221	0.897221
1.44864	0.308072	0.228328	0.184991	-67.5	0	0	0	0	0.92944	0.92944
1.44864	0.308072	0.228328	0.184991	-52.5	0	0	0	0	0.929404	0.929404
1.44864	0.308072	0.228328	0.184991	-37.5	0	0	0	0	0.936778	0.936778
1.44864	0.308072	0.228328	0.184991	-22.5	0	0	0	0	0.959736	0.959736
1.44864	0.308072	0.228328	0.184991	-7.5	0	0	0	0	0.984261	0.984261
1.44864	0.308072	0.228328	0.184991	7.5	0	0	0	0	0.984261	0.984261
1.44864	0.308072	0.228328	0.184991	22.5	0	0	0	0	0.959736	0.959736
1.44864	0.308072	0.228328	0.184991	37.5	0	0	0	0	0.936778	0.936778
1.44864	0.308072	0.228328	0.184991	52.5	0	0	0	0	0.929404	0.929404
1.44864	0.308072	0.228328	0.184991	67.5	0	0	0	0	0.92944	0.92944
1.44864	0.308072	0.228328	0.184991	82.5	0	0	0	0	0.897221	0.897221
1.44864	0.308072	0.228328	0.184991	97.5	0	0	0	0	0.898183	0.898183
1.44864	0.308072	0.228328	0.184991	112.5	0	0	0	0	0.901796	0.901796
1.44864	0.308072	0.228328	0.184991	127.5	0	0	0	0	0.903988	0.903988
1.44864	0.308072	0.228328	0.184991	142.5	0	0	0	0	0.905175	0.905175
1.44864	0.308072	0.228328	0.184991	157.5	0	0	0	0	0.903523	0.903523
1.44864	0.308072	0.228328	0.184991	172.5	0	0	0	0	0.899295	0.899295
2.35246	0.365424	0.22232	0.22628	-172.5	0	0	0	0	0.793543	0.793543
2.35246	0.365424	0.22232	0.22628	-157.5	0	0	0	0	0.793347	0.793347
2.35246	0.365424	0.22232	0.22628	-142.5	0	0	0	0	0.79281	0.79281
2.35246	0.365424	0.22232	0.22628	-127.5	0	0	0	0	0.792012	0.792012
2.35246	0.365424	0.22232	0.22628	-112.5	0	0	0	0	0.790949	0.790949
2.35246	0.365424	0.22232	0.22628	-97.5	0	0	0	0	0.789789	0.789789
2.35246	0.365424	0.22232	0.22628	-82.5	0	0	0	0	0.788777	0.788777
2.35246	0.365424	0.22232	0.22628	-67.5	0	0	0	0	0.789344	0.789344
2.35246	0.365424	0.22232	0.22628	-52.5	0	0	0	0	0.788779	0.788779
2.35246	0.365424	0.22232	0.22628	-37.5	0	0	0	0	0.788254	0.788254
2.35246	0.365424	0.22232	0.22628	-22.5	0	0	0	0	0.787943	0.787943
2.35246	0.365424	0.22232	0.22628	-7.5	0	0	0	0	0.787799	0.787799
2.35246	0.365424	0.22232	0.22628	7.5	0	0	0	0	0.787799	0.787799
2.35246	0.365424	0.22232	0.22628	22.5	0	0	0	0	0.787943	0.787943
2.35246	0.365424	0.22232	0.22628	37.5	0	0	0	0	0.788254	0.788254
2.35246	0.365424	0.22232	0.22628	52.5	0	0	0	0	0.788779	0.788779
2.35246	0.365424	0.22232	0.22628	67.5	0	0	0	0	0.789344	0.789344
2.35246	0.365424	0.22232	0.22628	82.5	0	0	0	0	0.788777	0.788777
2.35246	0.365424	0.22232	0.22628	97.5	0	0	0	0	0.789789	0.789789
2.35246	0.365424	0.22232	0.22628	112.5	0	0	0	0	0.790949	0.790949
2.35246	0.365424	0.22232	0.22628	127.5	0	0	0	0	0.792012	0.792012
2.35246	0.365424	0.22232	0.22628	142.5	0	0	0	0	0.79281	0.79281
2.35246	0.365424	0.22232	0.22628	157.5	0	0	0	0	0.793347	0.793347
2.35246	0.365424	0.22232	0.22628	172.5	0	0	0	0	0.793543	0.793543
1.24489	0.198196	0.36508	0.352355	-172.5	0	0	0	0	0.929709	0.929709
1.24489	0.198196	0.36508	0.352355	-157.5	0	0	0	0	0.930374	0.930374
1.24489	0.198196	0.36508	0.352355	-142.5	0	0	0	0	0.93119	0.93119
1.24489	0.198196	0.36508	0.352355	-127.5	0	0	0	0	0.933392	0.933392
1.24489	0.198196	0.36508	0.352355	-112.5	0	0	0	0	0.931603	0.931603
1.24489	0.198196	0.36508	0.352355	-97.5	0	0	0	0	0.930462	0.930462
1.24489	0.198196	0.36508	0.352355	-82.5	0	0	0	0	0.929832	0.929832
1.24489	0.198196	0.36508	0.352355	-67.5	0	0	0	0	0.93174	0.93174
1.24489	0.198196	0.36508	0.352355	-52.5	0	0	0	0	0.93253	0.93253
1.24489	0.198196	0.36508	0.352355	-37.5	0	0	0	0	0.932479	0.932479
1.24489	0.198196	0.36508	0.352355	-22.5	0	0	0	0	0.930158	0.930158
1.24489	0.198196	0.36508	0.352355	-7.5	0	0	0	0	0.927508	0.927508
1.24489	0.198196	0.36508	0.352355	7.5	0	0	0	0	0.927508	0.927508
1.24489	0.198196	0.36508	0.352355	22.5	0	0	0	0	0.930158	0.930158
1.24489	0.198196	0.36508	0.352355	37.5	0	0	0	0	0.932479	0.932479
1.24489	0.198196	0.36508	0.352355	52.5	0	0	0	0	0.93253	0.93253
1.24489	0.198196	0.36508	0.352355	67.5	0	0	0	0	0.93174	0.93174
1.24489	0.198196	0.36508	0.352355	82.5	0	0	0	0	0.929832	0.929832
1.24489	0.198196	0.36508	0.352355	97.5	0	0	0	0	0.930462	0.930462
1.24489	0.198196	0.36508	0.352355	112.5	0	0	0	0	0.931603	0.931603
1.24489	0.198196	0.36508	0.352355	127.5	0	0	0	0	0.933392	0.933392
1.24489	0.198196	0.36508	0.352355	142.5	0	0	0	0	0.93119	0.93119
1.24489	0.198196	0.36508	0.352355	157.5	0	0	0	0	0.930374	0.930374
1.24489	0.198196	0.36508	0.352355	172.5	0	0	0	0	0.929709	0.929709
1.7471	0.254692	0.3642	0.363195	-172.5	0	0	0	0	0.919067	0.919067
1.7471	0.254692	0.3642	0.363195	-157.5	0	0	0	0	0.922159	0.922159
1.7471	0.254692	0.3642	0.363195	-142.5	0	0	0	0	0.923916	0.923916
1.7471	0.254692	0.3642	0.363195	-127.5	0	0	0	0	0.925558	0.925558
1.7471	0.254692	0.3642	0.363195	-112.5	0	0	0	0	0.924745	0.924745
1.7471	0.254692	0.3642	0.363195	-97.5	0	0	0	0	0.925727	0.925727
1.7471	0.254692	0.3642	0.363195	-82.5	0	0	0	0	0.923663	0.923663
1.7471	0.254692	0.3642	0.363195	-67.5	0	0	0	0	0.92261	0.92261
1.7471	0.254692	0.3642	0.363195	-52.5	0	0	0	0	0.911944	0.911944
1.7471	0.254692	0.3642	0.363195	-37.5	0	0	0	0	0.902723	0.902723
1.7471	0.254692	0.3642	0.363195	-22.5	0	0	0	0	0.900234	0.900234
1.7471	0.254692	0.3642	0.363195	-7.5	0	0	0	0	0.899766	0.899766
1.7471	0.254692	0.3642	0.363195	7.5	0	0	0	0	0.899766	0.899766
1.7471	0.254692	0.3642	0.363195	22.5	0	0	0	0	0.900234	0.900234
1.7471	0.254692	0.3642	0.363195	37.5	0	0	0	0	0.902723	0.902723
1.7471	0.254692	0.3642	0.363195	52.5	0	0	0	0	0.911944	0.911944
1.7471	0.254692	0.3642	0.363195	67.5	0	0	0	0	0.92261	0.92261
1.7471	0.254692	0.3642	0.363195	82.5	0	0	0	0	0.923663	0.923663
1.7471	0.254692	0.3642	0.363195	97.5	0	0	0	0	0.925727	0.925727
1.7471	0.254692	0.3642	0.363195	112.5	0	0	0	0	0.924745	0.924745
1.7471	0.254692	0.3642	0.363195	127.5	0	0	0	0	0.925558	0.925558
1.7471	0.254692	0.3642	0.363195	142.5	0	0	0	0	0.923916	0.923916
1.7471	0.254692	0.3642	0.363195	157.5	0	0	0	0	0.922159	0.922159
1.7471	0.254692	0.3642	0.363195	172.5	0	0	0	0	0.919067	0.919067
1.44809	0.308099	0.367553	0.273109	-172.5	0	0	0	0	0.863886	0.863886
1.44809	0.308099	0.367553	0.273109	-157.5	0	0	0	0	0.864673	0.864673
1.44809	0.308099	0.367553	0.273109	-142.5	0	0	0	0	0.868809	0.868809
1.44809	0.308099	0.367553	0.273109	-127.5	0	0	0	0	0.868893	0.868893
1.44809	0.308099	0.367553	0.273109	-112.5	0	0	0	0	0.868149	0.868149
1.44809	0.308099	0.367553	0.273109	-97.5	0	0	0	0	0.867944	0.867944
1.44809	0.308099	0.367553	0.273109	-82.5	0	0	0	0	0.867373	0.867373
1.44809	0.308099	0.367553	0.273109	-67.5	0	0	0	0	0.865764	0.865764
1.44809	0.308099	0.367553	0.273109	-52.5	0	0	0	0	0.866692	0.866692
1.44809	0.308099	0.367553	0.273109	-37.5	0	0	0	0	0.866386	0.866386
1.44809	0.308099	0.367553	0.273109	-22.5	0	0	0	0	0.866212	0.866212
1.44809	0.308099	0.367553	0.273109	-7.5	0	0	0	0	0.865804	0.865804
1.44809	0.308099	0.367553	0.273109	7.5	0	0	0	0	0.865804	0.865804
1.44809	0.308099	0.367553	0.273109	22.5	0	0	0	0	0.866212	0.866212
1.44809	0.308099	0.367553	0.273109	37.5	0	0	0	0	0.866386	0.866386
1.44809	0.308099	0.367553	0.273109	52.5	0	0	0	0	0.866692	0.866692
1.44809	0.308099	0.367553	0.273109	67.5	0	0	0	0	0.865764	0.865764
1.44809	0.308099	0.367553	0.273109	82.5	0	0	0	0	0.867373	0.867373
1.44809	0.308099	0.367553	0.273109	97.5	0	0	0	0	0.867944	0.867944
1.44809	0.308099	0.367553	0.273109	112.5	0	0	0	0	0.868149	0.868149
1.44809	0.308099	0.367553	0.273109	127.5	0	0	0	0	0.868893	0.868893
1.44809	0.308099	0.367553	0.273109	142.5	0	0	0	0	0.868809	0.868809
1.44809	0.308099	0.367553	0.273109	157.5	0	0	0	0	0.864673	0.864673
1.44809	0.308099	0.367553	0.273109	172.5	0	0	0	0	0.863886	0.863886
2.31045	0.365264	0.365582	0.327716	-172.5	0	0	0	0	0.788812	0.788812
2.31045	0.365264	0.365582	0.327716	-157.5	0	0	0	0	0.788622	0.788622
2.31045	0.365264	0.365582	0.327716	-142.5	0	0	0	0	0.789223	0.789223
2.31045	0.365264	0.365582	0.327716	-127.5	0	0	0	0	0.788648	0.788648
2.31045	0.365264	0.365582	0.327716	-112.5	0	0	0	0	0.792323	0.792323
2.31045	0.365264	0.365582	0.327716	-97.5	0	0	0	0	0.790806	0.790806
2.31045	0.365264	0.365582	0.327716	-82.5	0	0	0	0	0.790376	0.790376
2.31045	0.365264	0.365582	0.327716	-67.5	0	0	0	0	0.789294	0.789294
2.31045	0.365264	0.365582	0.327716	-52.5	0	0	0	0	0.788116	0.788116
2.31045	0.365264	0.365582	0.327716	-37.5	0	0	0	0	0.787473	0.787473
2.31045	0.365264	0.365582	0.327716	-22.5	0	0	0	0	0.788532	0.788532
2.31045	0.365264	0.365582	0.327716	-7.5	0	0	0	0	0.790862	0.790862
2.31045	0.365264	0.365582	0.327716	7.5	0	0	0	0	0.790862	0.790862
2.31045	0.365264	0.365582	0.327716	22.5	0	0	0	0	0.788532	0.788532
2.31045	0.365264	0.365582	0.327716	37.5	0	0	0	0	0.787473	0.787473
2.31045	0.365264	0.365582	0.327716	52.5	0	0	0	0	0.788116	0.788116
2.31045	0.365264	0.365582	0.327716	67.5	0	0	0	0	0.789294	0.789294
2.31045	0.365264	0.365582	0.327716	82.5	0	0	0	0	0.790376	0.790376
2.31045	0.365264	0.365582	0.327716	97.5	0	0	0	0	0.790806	0.790806
2.31045	0.365264	0.365582	0.327716	112.5	0	0	0	0	0.792323	0.792323
2.31045	0.365264	0.365582	0.327716	127.5	0	0	0	0	0.788648	0.788648
2.31045	0.365264	0.365582	0.327716	142.5	0	0	0	0	0.789223	0.789223
2.31045	0.365264	0.365582	0.327716	157.5	0	0	0	0	0.788622	0.788622
2.31045	0.365264	0.365582	0.327716	172.5	0	0	0	0	0.788812	0.788812
1.24565	0.202867	0.52982	0.438585	-172.5	0	0	0	0	0.909696	0.909696
1.24565	0.202867	0.52982	0.438585	-157.5	0	0	0	0	0.914755	0.914755
1.24565	0.202867	0.52982	0.438585	-142.5	0	0	0	0	0.921876	0.921876
1.24565	0.202867	0.52982	0.438585	-127.5	0	0	0	0	0.936336	0.936336
1.24565	0.202867	0.52982	0.438585	-112.5	0	0	0	0	0.954446	0.954446
1.24565	0.202867	0.52982	0.438585	-97.5	0	0	0	0	0.953723	0.953723
1.24565	0.202867	0.52982	0.438585	-82.5	0	0	0	0	0.95139	0.95139
1.24565	0.202867	0.52982	0.438585	-67.5	0	0	0	0	0.949608	0.949608
1.24565	0.202867	0.52982	0.438585	-52.5	0	0	0	0	0.948106	0.948106
1.24565	0.202867	0.52982	0.438585	-37.5	0	0	0	0	0.946649	0.946649
1.24565	0.202867	0.52982	0.438585	-22.5	0	0	0	0	0.945472	0.945472
1.24565	0.202867	0.52982	0.438585	-7.5	0	0	0	0	0.945187	0.945187
1.24565	0.202867	0.52982	0.438585	7.5	0	0	0	0	0.945187	0.945187
1.24565	0.202867	0.52982	0.438585	22.5	0	0	0	0	0.945472	0.945472
1.24565	0.202867	0.52982	0.438585	37.5	0	0	0	0	0.946649	0.946649
1.24565	0.202867	0.52982	0.438585	52.5	0	0	0	0	0.948106	0.948106
1.24565	0.202867	0.52982	0.438585	67.5	0	0	0	0	0.949608	0.949608
1.24565	0.202867	0.52982	0.438585	82.5	0	0	0	0	0.95139	0.95139
1.24565	0.202867	0.52982	0.438585	97.5	0	0	0	0	0.953723	0.953723
1.24565	0.202867	0.52982	0.438585	112.5	0	0	0	0	0.954446	0.954446
1.24565	0.202867	0.52982	0.438585	127.5	0	0	0	0	0.936336	0.936336
1.24565	0.202867	0.52982	0.438585	142.5	0	0	0	0	0.921876	0.921876
1.24565	0.202867	0.52982	0.438585	157.5	0	0	0	0	0.914755	0.914755
1.24565	0.202867	0.52982	0.438585	172.5	0	0	0	0	0.909696	0.909696
1.73861	0.256517	0.529038	0.448708	-172.5	0	0	0	0	0.909051	0.909051
1.73861	0.256517	0.529038	0.448708	-157.5	0	0	0	0	0.909058	0.909058
1.73861	0.256517	0.529038	0.448708	-142.5	0	0	0	0	0.910366	0.910366
1.73861	0.256517	0.529038	0.448708	-127.5	0	0	0	0	0.925744	0.925744
1.73861	0.256517	0.529038	0.448708	-112.5	0	0	0	0	0.947202	0.947202
1.73861	0.256517	0.529038	0.448708	-97.5	0	0	0	0	0.9445	0.9445
1.73861	0.256517	0.529038	0.448708	-82.5	0	0	0	0	0.943042	0.943042
1.73861	0.256517	0.529038	0.448708	-67.5	0	0	0	0	0.939636	0.939636
1.73861	0.256517	0.529038	0.448708	-52.5	0	0	0	0	0.938433	0.938433
1.73861	0.256517	0.529038	0.448708	-37.5	0	0	0	0	0.935647	0.935647
1.73861	0.256517	0.529038	0.448708	-22.5	0	0	0	0	0.93648	0.93648
1.73861	0.256517	0.529038	0.448708	-7.5	0	0	0	0	0.935512	0.935512
1.73861	0.256517	0.529038	0.448708	7.5	0	0	0	0	0.935512	0.935512
1.73861	0.256517	0.529038	0.448708	22.5	0	0	0	0	0.93648	0.93648
1.73861	0.256517	0.529038	0.448708	37.5	0	0	0	0	0.935647	0.935647
1.73861	0.256517	0.529038	0.448708	52.5	0	0	0	0	0.938433	0.938433
1.73861	0.256517	0.529038	0.448708	67.5	0	0	0	0	0.939636	0.939636
1.73861	0.256517	0.529038	0.448708	82.5	0	0	0	0	0.943042	0.943042
1.73861	0.256517	0.529038	0.448708	97.5	0	0	0	0	0.9445	0.9445
1.73861	0.256517	0.529038	0.448708	112.5	0	0	0	0	0.947202	0.947202
1.73861	0.256517	0.529038	0.448708	127.5	0	0	0	0	0.925744	0.925744
1.73861	0.256517	0.529038	0.448708	142.5	0	0	0	0	0.910366	0.910366
1.73861	0.256517	0.529038	0.448708	157.5	0	0	0	0	0.909058	0.909058
1.73861	0.256517	0.529038	0.448708	172.5	0	0	0	0	0.909051	0.909051
1.44796	0.308244	0.534102	0.36034	-172.5	0	0	0	0	0.874695	0.874695
1.44796	0.308244	0.534102	0.36034	-157.5	0	0	0	0	0.876148	0.876148
1.44796	0.308244	0.534102	0.36034	-142.5	0	0	0	0	0.877389	0.877389
1.44796	0.308244	0.534102	0.36034	-127.5	0	0	0	0	0.878209	0.878209
1.44796	0.308244	0.534102	0.36034	-112.5	0	0	0	0	0.879272	0.879272
1.44796	0.308244	0.534102	0.36034	-97.5	0	0	0	0	0.879361	0.879361
1.44796	0.308244	0.534102	0.36034	-82.5	0	0	0	0	0.878547	0.878547
1.44796	0.308244	0.534102	0.36034	-67.5	0	0	0	0	0.878203	0.878203
1.44796	0.308244	0.534102	0.36034	-52.5	0	0	0	0	0.877237	0.877237
1.44796	0.308244	0.534102	0.36034	-37.5	0	0	0	0	0.875499	0.875499
1.44796	0.308244	0.534102	0.36034	-22.5	0	0	0	0	0.873713	0.873713
1.44796	0.308244	0.534102	0.36034	-7.5	0	0	0	0	0.871675	0.871675
1.44796	0.308244	0.534102	0.36034	7.5	0	0	0	0	0.871675	0.871675
1.44796	0.308244	0.534102	0.36034	22.5	0	0	0	0	0.873713	0.873713
1.44796	0.308244	0.534102	0.36034	37.5	0	0	0	0	0.875499	0.875499
1.44796	0.308244	0.534102	0.36034	52.5	0	0	0	0	0.877237	0.877237
1.44796	0.308244	0.534102	0.36034	67.5	0	0	0	0	0.878203	0.878203
1.44796	0.308244	0.534102	0.36034	82.5	0	0	0	0	0.878547	0.878547
1.44796	0.308244	0.534102	0.36034	97.5	0	0	0	0	0.879361	0.879361
1.44796	0.308244	0.534102	0.36034	112.5	0	0	0	0	0.879272	0.879272
1.44796	0.308244	0.534102	0.36034	127.5	0	0	0	0	0.878209	0.878209
1.44796	0.308244	0.534102	0.36034	142.5	0	0	0	0	0.877389	0.877389
1.44796	0.308244	0.534102	0.36034	157.5	0	0	0	0	0.876148	0.876148
1.44796	0.308244	0.534102	0.36034	172.5	0	0	0	0	0.874695	0.874695
2.28115	0.365074	0.530744	0.408037	-172.5	0	0	0	0	0.771325	0.771325
2.28115	0.365074	0.530744	0.408037	-157.5	0	0	0	0	0.774522	0.774522
2.28115	0.365074	0.530744	0.408037	-142.5	0	0	0	0	0.781842	0.781842
2.28115	0.365074	0.530744	0.408037	-127.5	0	0	0	0	0.791045	0.791045
2.28115	0.365074	0.530744	0.408037	-112.5	0	0	0	0	0.791795	0.791795
2.28115	0.365074	0.530744	0.408037	-97.5	0	0	0	0	0.790156	0.790156
2.28115	0.365074	0.530744	0.408037	-82.5	0	0	0	0	0.793365	0.793365
2.28115	0.365074	0.530744	0.408037	-67.5	0	0	0	0	0.79155	0.79155
2.28115	0.365074	0.530744	0.408037	-52.5	0	0	0	0	0.79107	0.79107
2.28115	0.365074	0.530744	0.408037	-37.5	0	0	0	0	0.790099	0.790099
2.28115	0.365074	0.530744	0.408037	-22.5	0	0	0	0	0.792436	0.792436
2.28115	0.365074	0.530744	0.408037	-7.5	0	0	0	0	0.792342	0.792342
2.28115	0.365074	0.530744	0.408037	7.5	0	0	0	0	0.792342	0.792342
2.28115	0.365074	0.530744	0.408037	22.5	0	0	0	0	0.792436	0.792436
2.28115	0.365074	0.530744	0.408037	37.5	0	0	0	0	0.790099	0.790099
2.28115	0.365074	0.530744	0.408037	52.5	0	0	0	0	0.79107	0.79107
2.28115	0.365074	0.530744	0.408037	67.5	0	0	0	0	0.79155	0.79155
2.28115	0.365074	0.530744	0.408037	82.5	0	0	0	0	0.793365	0.793365
2.28115	0.365074	0.530744	0.408037	97.5	0	0	0	0	0.790156	0.790156
2.28115	0.365074	0.530744	0.408037	112.5	0	0	0	0	0.791795	0.791795
2.28115	0.365074	0.530744	0.408037	127.5	0	0	0	0	0.791045	0.791045
2.28115	0.365074	0.530744	0.408037	142.5	0	0	0	0	0.781842	0.781842
2.28115	0.365074	0.530744	0.408037	157.5	0	0	0	0	0.774522	0.774522
2.28115	0.365074	0.530744	0.408037	172.5	0	0	0	0	0.771325	0.771325
1.24696	0.20811	0.766021	0.529812	-172.5	0	0	0	0	0.875394	0.875394
1.24696	0.20811	0.766021	0.529812	-157.5	0	0	0	0	0.876175	0.876175
1.24696	0.20811	0.766021	0.529812	-142.5	0	0	0	0	0.87635	0.87635
1.24696	0.20811	0.766021	0.529812	-127.5	0	0	0	0	0.877773	0.877773
1.24696	0.20811	0.766021	0.529812	-112.5	0	0	0	0	0.878619	0.878619
1.24696	0.20811	0.766021	0.529812	-97.5	0	0	0	0	0.879489	0.879489
1.24696	0.20811	0.766021	0.529812	-82.5	0	0	0	0	0.879714	0.879714
1.24696	0.20811	0.766021	0.529812	-67.5	0	0	0	0	0.87922	0.87922
1.24696	0.20811	0.766021	0.529812	-52.5	0	0	0	0	0.879038	0.879038
1.24696	0.20811	0.766021	0.529812	-37.5	0	0	0	0	0.878104	0.878104
1.24696	0.20811	0.766021	0.529812	-22.5	0	0	0	0	0.878074	0.878074
1.24696	0.20811	0.766021	0.529812	-7.5	0	0	0	0	0.877547	0.877547
1.24696	0.20811	0.766021	0.529812	7.5	0	0	0	0	0.877547	0.877547
1.24696	0.20811	0.766021	0.529812	22.5	0	0	0	0	0.878074	0.878074
1.24696	0.20811	0.766021	0.529812	37.5	0	0	0	0	0.878104	0.878104
1.24696	0.20811	0.766021	0.529812	52.5	0	0	0	0	0.879038	0.879038
1.24696	0.20811	0.766021	0.529812	67.5	0	0	0	0	0.87922	0.87922
1.24696	0.20811	0.766021	0.529812	82.5	0	0	0	0	0.879714	0.879714
1.24696	0.20811	0.766021	0.529812	97.5	0	0	0	0	0.879489	0.879489
1.24696	0.20811	0.766021	0.529812	112.5	0	0	0	0	0.878619	0.878619
1.24696	0.20811	0.766021	0.529812	127.5	0	0	0	0	0.877773	0.877773
1.24696	0.20811	0.766021	0.529812	142.5	0	0	0	0	0.87635	0.87635
1.24696	0.20811	0.766021	0.529812	157.5	0	0	0	0	0.876175	0.876175
1.24696	0.20811	0.766021	0.529812	172.5	0	0	0	0	0.875394	0.875394
1.72947	0.258314	0.765348	0.543691	-172.5	0	0	0	0	0.875604	0.875604
1.72947	0.258314	0.765348	0.543691	-157.5	0	0	0	0	0.87499	0.87499
1.72947	0.258314	0.765348	0.543691	-142.5	0	0	0	0	0.87549	0.87549
1.72947	0.258314	0.765348	0.543691	-127.5	0	0	0	0	0.875044	0.875044
1.72947	0.258314	0.765348	0.543691	-112.5	0	0	0	0	0.874947	0.874947
1.72947	0.258314	0.765348	0.543691	-97.5	0	0	0	0	0.874235	0.874235
1.72947	0.258314	0.765348	0.543691	-82.5	0	0	0	0	0.873715	0.873715
1.72947	0.258314	0.765348	0.543691	-67.5	0	0	0	0	0.873192	0.873192
1.72947	0.258314	0.765348	0.543691	-52.5	0	0	0	0	0.872256	0.872256
1.72947	0.258314	0.765348	0.543691	-37.5	0	0	0	0	0.871622	0.871622
1.72947	0.258314	0.765348	0.543691	-22.5	0	0	0	0	0.871447	0.871447
1.72947	0.258314	0.765348	0.543691	-7.5	0	0	0	0	0.870957	0.870957
1.72947	0.258314	0.765348	0.543691	7.5	0	0	0	0	0.870957	0.870957
1.72947	0.258314	0.765348	0.543691	22.5	0	0	0	0	0.871447	0.871447
1.72947	0.258314	0.765348	0.543691	37.5	0	0	0	0	0.871622	0.871622
1.72947	0.258314	0.765348	0.543691	52.5	0	0	0	0	0.872256	0.872256
1.72947	0.258314	0.765348	0.543691	67.5	0	0	0	0	0.873192	0.873192
1.72947	0.258314	0.765348	0.543691	82.5	0	0	0	0	0.873715	0.873715
1.72947	0.258314	0.765348	0.543691	97.5	0	0	0	0	0.874235	0.874235
1.72947	0.258314	0.765348	0.543691	112.5	0	0	0	0	0.874947	0.874947
1.72947	0.258314	0.765348	0.543691	127.5	0	0	0	0	0.875044	0.875044
1.72947	0.258314	0.765348	0.543691	142.5	0	0	0	0	0.87549	0.87549
1.72947	0.258314	0.765348	0.543691	157.5	0	0	0	0	0.87499	0.87499
1.72947	0.258314	0.765348	0.543691	172.5	0	0	0	0	0.875604	0.875604
1.44613	0.308045	0.776676	0.434627	-172.5	0	0	0	0	0.831116	0.831116
1.44613	0.308045	0.776676	0.434627	-157.5	0	0	0	0	0.831534	0.831534
1.44613	0.308045	0.776676	0.434627	-142.5	0	0	0	0	0.83282	0.83282
1.44613	0.308045	0.776676	0.434627	-127.5	0	0	0	0	0.83408	0.83408
1.44613	0.308045	0.776676	0.434627	-112.5	0	0	0	0	0.835616	0.835616
1.44613	0.308045	0.776676	0.434627	-97.5	0	0	0	0	0.834831	0.834831
1.44613	0.308045	0.776676	0.434627	-82.5	0	0	0	0	0.832574	0.832574
1.44613	0.308045	0.776676	0.434627	-67.5	0	0	0	0	0.829995	0.829995
1.44613	0.308045	0.776676	0.434627	-52.5	0	0	0	0	0.826773	0.826773
1.44613	0.308045	0.776676	0.434627	-37.5	0	0	0	0	0.823976	0.823976
1.44613	0.308045	0.776676	0.434627	-22.5	0	0	0	0	0.822036	0.822036
1.44613	0.308045	0.776676	0.434627	-7.5	0	0	0	0	0.821047	0.821047
1.44613	0.308045	0.776676	0.434627	7.5	0	0	0	0	0.821047	0.821047
1.44613	0.308045	0.776676	0.434627	22.5	0	0	0	0	0.822036	0.822036
1.44613	0.308045	0.776676	0.434627	37.5	0	0	0	0	0.823976	0.823976
1.44613	0.308045	0.776676	0.434627	52.5	0	0	0	0	0.826773	0.826773
1.44613	0.308045	0.776676	0.434627	67.5	0	0	0	0	0.829995	0.829995
1.44613	0.308045	0.776676	0.434627	82.5	0	0	0	0	0.832574	0.832574
1.44613	0.308045	0.776676	0.434627	97.5	0	0	0	0	0.834831	0.834831
1.44613	0.308045	0.776676	0.434627	112.5	0	0	0	0	0.835616	0.835616
1.44613	0.308045	0.776676	0.434627	127.5	0	0	0	0	0.83408	0.83408
1.44613	0.308045	0.776676	0.434627	142.5	0	0	0	0	0.83282	0.83282
1.44613	0.308045	0.776676	0.434627	157.5	0	0	0	0	0.831534	0.831534
1.44613	0.308045	0.776676	0.434627	172.5	0	0	0	0	0.831116	0.831116
2.2499	0.365328	0.770904	0.49379	-172.5	0	0	0	0	0.79129	0.79129
2.2499	0.365328	0.770904	0.49379	-157.5	0	0	0	0	0.791024	0.791024
2.2499	0.365328	0.770904	0.49379	-142.5	0	0	0	0	0.792317	0.792317
2.2499	0.365328	0.770904	0.49379	-127.5	0	0	0	0	0.793266	0.793266
2.2499	0.365328	0.770904	0.49379	-112.5	0	0	0	0	0.793992	0.793992
2.2499	0.365328	0.770904	0.49379	-97.5	0	0	0	0	0.794595	0.794595
2.2499	0.365328	0.770904	0.49379	-82.5	0	0	0	0	0.794965	0.794965
2.2499	0.365328	0.770904	0.49379	-67.5	0	0	0	0	0.795347	0.795347
2.2499	0.365328	0.770904	0.49379	-52.5	0	0	0	0	0.79578	0.79578
2.2499	0.365328	0.770904	0.49379	-37.5	0	0	0	0	0.796219	0.796219
2.2499	0.365328	0.770904	0.49379	-22.5	0	0	0	0	0.795842	0.795842
2.2499	0.365328	0.770904	0.49379	-7.5	0	0	0	0	0.795674	0.795674
2.2499	0.365328	0.770904	0.49379	7.5	0	0	0	0	0.795674	0.795674
2.2499	0.365328	0.770904	0.49379	22.5	0	0	0	0	0.795842	0.795842
2.2499	0.365328	0.770904	0.49379	37.5	0	0	0	0	0.796219	0.796219
2.2499	0.365328	0.770904	0.49379	52.5	0	0	0	0	0.79578	0.79578
2.2499	0.365328	0.770904	0.49379	67.5	0	0	0	0	0.795347	0.795347
2.2499	0.365328	0.770904	0.49379	82.5	0	0	0	0	0.794965	0.794965
2.2499	0.365328	0.770904	0.49379	97.5	0	0	0	0	0.794595	0.794595
2.2499	0.365328	0.770904	0.49379	112.5	0	0	0	0	0.793992	0.793992
2.2499	0.365328	0.770904	0.49379	127.5	0	0	0	0	0.793266	0.793266
2.2499	0.365328	0.770904	0.49379	142.5	0	0	0	0	0.792317	0.792317
2.2499	0.365328	0.770904	0.49379	157.5	0	0	0	0	0.791024	0.791024
2.2499	0.365328	0.770904	0.49379	172.5	0	0	0	0	0.79129	0.79129
