#Q2	Xb	Zh	Pt	Phi	SigmaB	SigmaOb	Tail1	Taile2	Fact_noex	Fact_ex
1.24393	0.192365	0.221308	0.240172	-172.5	0	0	0	0	0.970831	0.970831
1.24393	0.192365	0.221308	0.240172	-157.5	0	0	0	0	0.975289	0.975289
1.24393	0.192365	0.221308	0.240172	-142.5	0	0	0	0	0.984751	0.984751
1.24393	0.192365	0.221308	0.240172	-127.5	0	0	0	0	0.99267	0.99267
1.24393	0.192365	0.221308	0.240172	-112.5	0	0	0	0	0.992583	0.992583
1.24393	0.192365	0.221308	0.240172	-97.5	0	0	0	0	0.991609	0.991609
1.24393	0.192365	0.221308	0.240172	-82.5	0	0	0	0	0.989747	0.989747
1.24393	0.192365	0.221308	0.240172	-67.5	0	0	0	0	0.988833	0.988833
1.24393	0.192365	0.221308	0.240172	-52.5	0	0	0	0	0.987884	0.987884
1.24393	0.192365	0.221308	0.240172	-37.5	0	0	0	0	0.988079	0.988079
1.24393	0.192365	0.221308	0.240172	-22.5	0	0	0	0	0.98786	0.98786
1.24393	0.192365	0.221308	0.240172	-7.5	0	0	0	0	0.987814	0.987814
1.24393	0.192365	0.221308	0.240172	7.5	0	0	0	0	0.987814	0.987814
1.24393	0.192365	0.221308	0.240172	22.5	0	0	0	0	0.98786	0.98786
1.24393	0.192365	0.221308	0.240172	37.5	0	0	0	0	0.988079	0.988079
1.24393	0.192365	0.221308	0.240172	52.5	0	0	0	0	0.987884	0.987884
1.24393	0.192365	0.221308	0.240172	67.5	0	0	0	0	0.988833	0.988833
1.24393	0.192365	0.221308	0.240172	82.5	0	0	0	0	0.989747	0.989747
1.24393	0.192365	0.221308	0.240172	97.5	0	0	0	0	0.991609	0.991609
1.24393	0.192365	0.221308	0.240172	112.5	0	0	0	0	0.992583	0.992583
1.24393	0.192365	0.221308	0.240172	127.5	0	0	0	0	0.99267	0.99267
1.24393	0.192365	0.221308	0.240172	142.5	0	0	0	0	0.984751	0.984751
1.24393	0.192365	0.221308	0.240172	157.5	0	0	0	0	0.975289	0.975289
1.24393	0.192365	0.221308	0.240172	172.5	0	0	0	0	0.970831	0.970831
1.75685	0.25267	0.2202	0.248965	-172.5	0	0	0	0	0.958883	0.958883
1.75685	0.25267	0.2202	0.248965	-157.5	0	0	0	0	0.961793	0.961793
1.75685	0.25267	0.2202	0.248965	-142.5	0	0	0	0	0.962542	0.962542
1.75685	0.25267	0.2202	0.248965	-127.5	0	0	0	0	0.965246	0.965246
1.75685	0.25267	0.2202	0.248965	-112.5	0	0	0	0	0.964328	0.964328
1.75685	0.25267	0.2202	0.248965	-97.5	0	0	0	0	0.963276	0.963276
1.75685	0.25267	0.2202	0.248965	-82.5	0	0	0	0	0.960505	0.960505
1.75685	0.25267	0.2202	0.248965	-67.5	0	0	0	0	0.960119	0.960119
1.75685	0.25267	0.2202	0.248965	-52.5	0	0	0	0	0.960775	0.960775
1.75685	0.25267	0.2202	0.248965	-37.5	0	0	0	0	0.959728	0.959728
1.75685	0.25267	0.2202	0.248965	-22.5	0	0	0	0	0.959221	0.959221
1.75685	0.25267	0.2202	0.248965	-7.5	0	0	0	0	0.959069	0.959069
1.75685	0.25267	0.2202	0.248965	7.5	0	0	0	0	0.959069	0.959069
1.75685	0.25267	0.2202	0.248965	22.5	0	0	0	0	0.959221	0.959221
1.75685	0.25267	0.2202	0.248965	37.5	0	0	0	0	0.959728	0.959728
1.75685	0.25267	0.2202	0.248965	52.5	0	0	0	0	0.960775	0.960775
1.75685	0.25267	0.2202	0.248965	67.5	0	0	0	0	0.960119	0.960119
1.75685	0.25267	0.2202	0.248965	82.5	0	0	0	0	0.960505	0.960505
1.75685	0.25267	0.2202	0.248965	97.5	0	0	0	0	0.963276	0.963276
1.75685	0.25267	0.2202	0.248965	112.5	0	0	0	0	0.964328	0.964328
1.75685	0.25267	0.2202	0.248965	127.5	0	0	0	0	0.965246	0.965246
1.75685	0.25267	0.2202	0.248965	142.5	0	0	0	0	0.962542	0.962542
1.75685	0.25267	0.2202	0.248965	157.5	0	0	0	0	0.961793	0.961793
1.75685	0.25267	0.2202	0.248965	172.5	0	0	0	0	0.958883	0.958883
1.44864	0.308072	0.228328	0.184991	-172.5	0	0	0	0	0.898263	0.898263
1.44864	0.308072	0.228328	0.184991	-157.5	0	0	0	0	0.898521	0.898521
1.44864	0.308072	0.228328	0.184991	-142.5	0	0	0	0	0.897342	0.897342
1.44864	0.308072	0.228328	0.184991	-127.5	0	0	0	0	0.897401	0.897401
1.44864	0.308072	0.228328	0.184991	-112.5	0	0	0	0	0.900785	0.900785
1.44864	0.308072	0.228328	0.184991	-97.5	0	0	0	0	0.9045	0.9045
1.44864	0.308072	0.228328	0.184991	-82.5	0	0	0	0	0.908628	0.908628
1.44864	0.308072	0.228328	0.184991	-67.5	0	0	0	0	0.92567	0.92567
1.44864	0.308072	0.228328	0.184991	-52.5	0	0	0	0	0.907437	0.907437
1.44864	0.308072	0.228328	0.184991	-37.5	0	0	0	0	0.893554	0.893554
1.44864	0.308072	0.228328	0.184991	-22.5	0	0	0	0	0.88636	0.88636
1.44864	0.308072	0.228328	0.184991	-7.5	0	0	0	0	0.88228	0.88228
1.44864	0.308072	0.228328	0.184991	7.5	0	0	0	0	0.88228	0.88228
1.44864	0.308072	0.228328	0.184991	22.5	0	0	0	0	0.88636	0.88636
1.44864	0.308072	0.228328	0.184991	37.5	0	0	0	0	0.893554	0.893554
1.44864	0.308072	0.228328	0.184991	52.5	0	0	0	0	0.907437	0.907437
1.44864	0.308072	0.228328	0.184991	67.5	0	0	0	0	0.92567	0.92567
1.44864	0.308072	0.228328	0.184991	82.5	0	0	0	0	0.908628	0.908628
1.44864	0.308072	0.228328	0.184991	97.5	0	0	0	0	0.9045	0.9045
1.44864	0.308072	0.228328	0.184991	112.5	0	0	0	0	0.900785	0.900785
1.44864	0.308072	0.228328	0.184991	127.5	0	0	0	0	0.897401	0.897401
1.44864	0.308072	0.228328	0.184991	142.5	0	0	0	0	0.897342	0.897342
1.44864	0.308072	0.228328	0.184991	157.5	0	0	0	0	0.898521	0.898521
1.44864	0.308072	0.228328	0.184991	172.5	0	0	0	0	0.898263	0.898263
2.35246	0.365424	0.22232	0.22628	-172.5	0	0	0	0	0.793442	0.793442
2.35246	0.365424	0.22232	0.22628	-157.5	0	0	0	0	0.793252	0.793252
2.35246	0.365424	0.22232	0.22628	-142.5	0	0	0	0	0.792725	0.792725
2.35246	0.365424	0.22232	0.22628	-127.5	0	0	0	0	0.79194	0.79194
2.35246	0.365424	0.22232	0.22628	-112.5	0	0	0	0	0.790891	0.790891
2.35246	0.365424	0.22232	0.22628	-97.5	0	0	0	0	0.789743	0.789743
2.35246	0.365424	0.22232	0.22628	-82.5	0	0	0	0	0.788744	0.788744
2.35246	0.365424	0.22232	0.22628	-67.5	0	0	0	0	0.789324	0.789324
2.35246	0.365424	0.22232	0.22628	-52.5	0	0	0	0	0.788774	0.788774
2.35246	0.365424	0.22232	0.22628	-37.5	0	0	0	0	0.788264	0.788264
2.35246	0.365424	0.22232	0.22628	-22.5	0	0	0	0	0.787967	0.787967
2.35246	0.365424	0.22232	0.22628	-7.5	0	0	0	0	0.787831	0.787831
2.35246	0.365424	0.22232	0.22628	7.5	0	0	0	0	0.787831	0.787831
2.35246	0.365424	0.22232	0.22628	22.5	0	0	0	0	0.787967	0.787967
2.35246	0.365424	0.22232	0.22628	37.5	0	0	0	0	0.788264	0.788264
2.35246	0.365424	0.22232	0.22628	52.5	0	0	0	0	0.788774	0.788774
2.35246	0.365424	0.22232	0.22628	67.5	0	0	0	0	0.789324	0.789324
2.35246	0.365424	0.22232	0.22628	82.5	0	0	0	0	0.788744	0.788744
2.35246	0.365424	0.22232	0.22628	97.5	0	0	0	0	0.789743	0.789743
2.35246	0.365424	0.22232	0.22628	112.5	0	0	0	0	0.790891	0.790891
2.35246	0.365424	0.22232	0.22628	127.5	0	0	0	0	0.79194	0.79194
2.35246	0.365424	0.22232	0.22628	142.5	0	0	0	0	0.792725	0.792725
2.35246	0.365424	0.22232	0.22628	157.5	0	0	0	0	0.793252	0.793252
2.35246	0.365424	0.22232	0.22628	172.5	0	0	0	0	0.793442	0.793442
1.24489	0.198196	0.36508	0.352355	-172.5	0	0	0	0	0.929261	0.929261
1.24489	0.198196	0.36508	0.352355	-157.5	0	0	0	0	0.929705	0.929705
1.24489	0.198196	0.36508	0.352355	-142.5	0	0	0	0	0.930404	0.930404
1.24489	0.198196	0.36508	0.352355	-127.5	0	0	0	0	0.932672	0.932672
1.24489	0.198196	0.36508	0.352355	-112.5	0	0	0	0	0.931106	0.931106
1.24489	0.198196	0.36508	0.352355	-97.5	0	0	0	0	0.930198	0.930198
1.24489	0.198196	0.36508	0.352355	-82.5	0	0	0	0	0.929744	0.929744
1.24489	0.198196	0.36508	0.352355	-67.5	0	0	0	0	0.931654	0.931654
1.24489	0.198196	0.36508	0.352355	-52.5	0	0	0	0	0.932314	0.932314
1.24489	0.198196	0.36508	0.352355	-37.5	0	0	0	0	0.932236	0.932236
1.24489	0.198196	0.36508	0.352355	-22.5	0	0	0	0	0.929846	0.929846
1.24489	0.198196	0.36508	0.352355	-7.5	0	0	0	0	0.927167	0.927167
1.24489	0.198196	0.36508	0.352355	7.5	0	0	0	0	0.927167	0.927167
1.24489	0.198196	0.36508	0.352355	22.5	0	0	0	0	0.929846	0.929846
1.24489	0.198196	0.36508	0.352355	37.5	0	0	0	0	0.932236	0.932236
1.24489	0.198196	0.36508	0.352355	52.5	0	0	0	0	0.932314	0.932314
1.24489	0.198196	0.36508	0.352355	67.5	0	0	0	0	0.931654	0.931654
1.24489	0.198196	0.36508	0.352355	82.5	0	0	0	0	0.929744	0.929744
1.24489	0.198196	0.36508	0.352355	97.5	0	0	0	0	0.930198	0.930198
1.24489	0.198196	0.36508	0.352355	112.5	0	0	0	0	0.931106	0.931106
1.24489	0.198196	0.36508	0.352355	127.5	0	0	0	0	0.932672	0.932672
1.24489	0.198196	0.36508	0.352355	142.5	0	0	0	0	0.930404	0.930404
1.24489	0.198196	0.36508	0.352355	157.5	0	0	0	0	0.929705	0.929705
1.24489	0.198196	0.36508	0.352355	172.5	0	0	0	0	0.929261	0.929261
1.7471	0.254692	0.3642	0.363195	-172.5	0	0	0	0	0.917569	0.917569
1.7471	0.254692	0.3642	0.363195	-157.5	0	0	0	0	0.920666	0.920666
1.7471	0.254692	0.3642	0.363195	-142.5	0	0	0	0	0.922589	0.922589
1.7471	0.254692	0.3642	0.363195	-127.5	0	0	0	0	0.924542	0.924542
1.7471	0.254692	0.3642	0.363195	-112.5	0	0	0	0	0.924188	0.924188
1.7471	0.254692	0.3642	0.363195	-97.5	0	0	0	0	0.925562	0.925562
1.7471	0.254692	0.3642	0.363195	-82.5	0	0	0	0	0.923822	0.923822
1.7471	0.254692	0.3642	0.363195	-67.5	0	0	0	0	0.923002	0.923002
1.7471	0.254692	0.3642	0.363195	-52.5	0	0	0	0	0.912269	0.912269
1.7471	0.254692	0.3642	0.363195	-37.5	0	0	0	0	0.902881	0.902881
1.7471	0.254692	0.3642	0.363195	-22.5	0	0	0	0	0.900315	0.900315
1.7471	0.254692	0.3642	0.363195	-7.5	0	0	0	0	0.899842	0.899842
1.7471	0.254692	0.3642	0.363195	7.5	0	0	0	0	0.899842	0.899842
1.7471	0.254692	0.3642	0.363195	22.5	0	0	0	0	0.900315	0.900315
1.7471	0.254692	0.3642	0.363195	37.5	0	0	0	0	0.902881	0.902881
1.7471	0.254692	0.3642	0.363195	52.5	0	0	0	0	0.912269	0.912269
1.7471	0.254692	0.3642	0.363195	67.5	0	0	0	0	0.923002	0.923002
1.7471	0.254692	0.3642	0.363195	82.5	0	0	0	0	0.923822	0.923822
1.7471	0.254692	0.3642	0.363195	97.5	0	0	0	0	0.925562	0.925562
1.7471	0.254692	0.3642	0.363195	112.5	0	0	0	0	0.924188	0.924188
1.7471	0.254692	0.3642	0.363195	127.5	0	0	0	0	0.924542	0.924542
1.7471	0.254692	0.3642	0.363195	142.5	0	0	0	0	0.922589	0.922589
1.7471	0.254692	0.3642	0.363195	157.5	0	0	0	0	0.920666	0.920666
1.7471	0.254692	0.3642	0.363195	172.5	0	0	0	0	0.917569	0.917569
1.44809	0.308099	0.367553	0.273109	-172.5	0	0	0	0	0.863516	0.863516
1.44809	0.308099	0.367553	0.273109	-157.5	0	0	0	0	0.86386	0.86386
1.44809	0.308099	0.367553	0.273109	-142.5	0	0	0	0	0.867173	0.867173
1.44809	0.308099	0.367553	0.273109	-127.5	0	0	0	0	0.867714	0.867714
1.44809	0.308099	0.367553	0.273109	-112.5	0	0	0	0	0.867422	0.867422
1.44809	0.308099	0.367553	0.273109	-97.5	0	0	0	0	0.867566	0.867566
1.44809	0.308099	0.367553	0.273109	-82.5	0	0	0	0	0.867223	0.867223
1.44809	0.308099	0.367553	0.273109	-67.5	0	0	0	0	0.86571	0.86571
1.44809	0.308099	0.367553	0.273109	-52.5	0	0	0	0	0.866612	0.866612
1.44809	0.308099	0.367553	0.273109	-37.5	0	0	0	0	0.866195	0.866195
1.44809	0.308099	0.367553	0.273109	-22.5	0	0	0	0	0.865832	0.865832
1.44809	0.308099	0.367553	0.273109	-7.5	0	0	0	0	0.865368	0.865368
1.44809	0.308099	0.367553	0.273109	7.5	0	0	0	0	0.865368	0.865368
1.44809	0.308099	0.367553	0.273109	22.5	0	0	0	0	0.865832	0.865832
1.44809	0.308099	0.367553	0.273109	37.5	0	0	0	0	0.866195	0.866195
1.44809	0.308099	0.367553	0.273109	52.5	0	0	0	0	0.866612	0.866612
1.44809	0.308099	0.367553	0.273109	67.5	0	0	0	0	0.86571	0.86571
1.44809	0.308099	0.367553	0.273109	82.5	0	0	0	0	0.867223	0.867223
1.44809	0.308099	0.367553	0.273109	97.5	0	0	0	0	0.867566	0.867566
1.44809	0.308099	0.367553	0.273109	112.5	0	0	0	0	0.867422	0.867422
1.44809	0.308099	0.367553	0.273109	127.5	0	0	0	0	0.867714	0.867714
1.44809	0.308099	0.367553	0.273109	142.5	0	0	0	0	0.867173	0.867173
1.44809	0.308099	0.367553	0.273109	157.5	0	0	0	0	0.86386	0.86386
1.44809	0.308099	0.367553	0.273109	172.5	0	0	0	0	0.863516	0.863516
2.31045	0.365264	0.365582	0.327716	-172.5	0	0	0	0	0.788766	0.788766
2.31045	0.365264	0.365582	0.327716	-157.5	0	0	0	0	0.788582	0.788582
2.31045	0.365264	0.365582	0.327716	-142.5	0	0	0	0	0.789193	0.789193
2.31045	0.365264	0.365582	0.327716	-127.5	0	0	0	0	0.788631	0.788631
2.31045	0.365264	0.365582	0.327716	-112.5	0	0	0	0	0.792318	0.792318
2.31045	0.365264	0.365582	0.327716	-97.5	0	0	0	0	0.790811	0.790811
2.31045	0.365264	0.365582	0.327716	-82.5	0	0	0	0	0.790386	0.790386
2.31045	0.365264	0.365582	0.327716	-67.5	0	0	0	0	0.789307	0.789307
2.31045	0.365264	0.365582	0.327716	-52.5	0	0	0	0	0.788126	0.788126
2.31045	0.365264	0.365582	0.327716	-37.5	0	0	0	0	0.787478	0.787478
2.31045	0.365264	0.365582	0.327716	-22.5	0	0	0	0	0.788532	0.788532
2.31045	0.365264	0.365582	0.327716	-7.5	0	0	0	0	0.790858	0.790858
2.31045	0.365264	0.365582	0.327716	7.5	0	0	0	0	0.790858	0.790858
2.31045	0.365264	0.365582	0.327716	22.5	0	0	0	0	0.788532	0.788532
2.31045	0.365264	0.365582	0.327716	37.5	0	0	0	0	0.787478	0.787478
2.31045	0.365264	0.365582	0.327716	52.5	0	0	0	0	0.788126	0.788126
2.31045	0.365264	0.365582	0.327716	67.5	0	0	0	0	0.789307	0.789307
2.31045	0.365264	0.365582	0.327716	82.5	0	0	0	0	0.790386	0.790386
2.31045	0.365264	0.365582	0.327716	97.5	0	0	0	0	0.790811	0.790811
2.31045	0.365264	0.365582	0.327716	112.5	0	0	0	0	0.792318	0.792318
2.31045	0.365264	0.365582	0.327716	127.5	0	0	0	0	0.788631	0.788631
2.31045	0.365264	0.365582	0.327716	142.5	0	0	0	0	0.789193	0.789193
2.31045	0.365264	0.365582	0.327716	157.5	0	0	0	0	0.788582	0.788582
2.31045	0.365264	0.365582	0.327716	172.5	0	0	0	0	0.788766	0.788766
1.24565	0.202867	0.52982	0.438585	-172.5	0	0	0	0	0.908891	0.908891
1.24565	0.202867	0.52982	0.438585	-157.5	0	0	0	0	0.913832	0.913832
1.24565	0.202867	0.52982	0.438585	-142.5	0	0	0	0	0.920872	0.920872
1.24565	0.202867	0.52982	0.438585	-127.5	0	0	0	0	0.935275	0.935275
1.24565	0.202867	0.52982	0.438585	-112.5	0	0	0	0	0.953491	0.953491
1.24565	0.202867	0.52982	0.438585	-97.5	0	0	0	0	0.953233	0.953233
1.24565	0.202867	0.52982	0.438585	-82.5	0	0	0	0	0.951168	0.951168
1.24565	0.202867	0.52982	0.438585	-67.5	0	0	0	0	0.949534	0.949534
1.24565	0.202867	0.52982	0.438585	-52.5	0	0	0	0	0.948092	0.948092
1.24565	0.202867	0.52982	0.438585	-37.5	0	0	0	0	0.946644	0.946644
1.24565	0.202867	0.52982	0.438585	-22.5	0	0	0	0	0.945459	0.945459
1.24565	0.202867	0.52982	0.438585	-7.5	0	0	0	0	0.945158	0.945158
1.24565	0.202867	0.52982	0.438585	7.5	0	0	0	0	0.945158	0.945158
1.24565	0.202867	0.52982	0.438585	22.5	0	0	0	0	0.945459	0.945459
1.24565	0.202867	0.52982	0.438585	37.5	0	0	0	0	0.946644	0.946644
1.24565	0.202867	0.52982	0.438585	52.5	0	0	0	0	0.948092	0.948092
1.24565	0.202867	0.52982	0.438585	67.5	0	0	0	0	0.949534	0.949534
1.24565	0.202867	0.52982	0.438585	82.5	0	0	0	0	0.951168	0.951168
1.24565	0.202867	0.52982	0.438585	97.5	0	0	0	0	0.953233	0.953233
1.24565	0.202867	0.52982	0.438585	112.5	0	0	0	0	0.953491	0.953491
1.24565	0.202867	0.52982	0.438585	127.5	0	0	0	0	0.935275	0.935275
1.24565	0.202867	0.52982	0.438585	142.5	0	0	0	0	0.920872	0.920872
1.24565	0.202867	0.52982	0.438585	157.5	0	0	0	0	0.913832	0.913832
1.24565	0.202867	0.52982	0.438585	172.5	0	0	0	0	0.908891	0.908891
1.73861	0.256517	0.529038	0.448708	-172.5	0	0	0	0	0.907287	0.907287
1.73861	0.256517	0.529038	0.448708	-157.5	0	0	0	0	0.9075	0.9075
1.73861	0.256517	0.529038	0.448708	-142.5	0	0	0	0	0.909072	0.909072
1.73861	0.256517	0.529038	0.448708	-127.5	0	0	0	0	0.924153	0.924153
1.73861	0.256517	0.529038	0.448708	-112.5	0	0	0	0	0.946119	0.946119
1.73861	0.256517	0.529038	0.448708	-97.5	0	0	0	0	0.944037	0.944037
1.73861	0.256517	0.529038	0.448708	-82.5	0	0	0	0	0.942657	0.942657
1.73861	0.256517	0.529038	0.448708	-67.5	0	0	0	0	0.939078	0.939078
1.73861	0.256517	0.529038	0.448708	-52.5	0	0	0	0	0.937616	0.937616
1.73861	0.256517	0.529038	0.448708	-37.5	0	0	0	0	0.934599	0.934599
1.73861	0.256517	0.529038	0.448708	-22.5	0	0	0	0	0.935235	0.935235
1.73861	0.256517	0.529038	0.448708	-7.5	0	0	0	0	0.934178	0.934178
1.73861	0.256517	0.529038	0.448708	7.5	0	0	0	0	0.934178	0.934178
1.73861	0.256517	0.529038	0.448708	22.5	0	0	0	0	0.935235	0.935235
1.73861	0.256517	0.529038	0.448708	37.5	0	0	0	0	0.934599	0.934599
1.73861	0.256517	0.529038	0.448708	52.5	0	0	0	0	0.937616	0.937616
1.73861	0.256517	0.529038	0.448708	67.5	0	0	0	0	0.939078	0.939078
1.73861	0.256517	0.529038	0.448708	82.5	0	0	0	0	0.942657	0.942657
1.73861	0.256517	0.529038	0.448708	97.5	0	0	0	0	0.944037	0.944037
1.73861	0.256517	0.529038	0.448708	112.5	0	0	0	0	0.946119	0.946119
1.73861	0.256517	0.529038	0.448708	127.5	0	0	0	0	0.924153	0.924153
1.73861	0.256517	0.529038	0.448708	142.5	0	0	0	0	0.909072	0.909072
1.73861	0.256517	0.529038	0.448708	157.5	0	0	0	0	0.9075	0.9075
1.73861	0.256517	0.529038	0.448708	172.5	0	0	0	0	0.907287	0.907287
1.44796	0.308244	0.534102	0.36034	-172.5	0	0	0	0	0.876449	0.876449
1.44796	0.308244	0.534102	0.36034	-157.5	0	0	0	0	0.879915	0.879915
1.44796	0.308244	0.534102	0.36034	-142.5	0	0	0	0	0.881675	0.881675
1.44796	0.308244	0.534102	0.36034	-127.5	0	0	0	0	0.881491	0.881491
1.44796	0.308244	0.534102	0.36034	-112.5	0	0	0	0	0.88101	0.88101
1.44796	0.308244	0.534102	0.36034	-97.5	0	0	0	0	0.879679	0.879679
1.44796	0.308244	0.534102	0.36034	-82.5	0	0	0	0	0.877912	0.877912
1.44796	0.308244	0.534102	0.36034	-67.5	0	0	0	0	0.877105	0.877105
1.44796	0.308244	0.534102	0.36034	-52.5	0	0	0	0	0.876211	0.876211
1.44796	0.308244	0.534102	0.36034	-37.5	0	0	0	0	0.874844	0.874844
1.44796	0.308244	0.534102	0.36034	-22.5	0	0	0	0	0.873477	0.873477
1.44796	0.308244	0.534102	0.36034	-7.5	0	0	0	0	0.871706	0.871706
1.44796	0.308244	0.534102	0.36034	7.5	0	0	0	0	0.871706	0.871706
1.44796	0.308244	0.534102	0.36034	22.5	0	0	0	0	0.873477	0.873477
1.44796	0.308244	0.534102	0.36034	37.5	0	0	0	0	0.874844	0.874844
1.44796	0.308244	0.534102	0.36034	52.5	0	0	0	0	0.876211	0.876211
1.44796	0.308244	0.534102	0.36034	67.5	0	0	0	0	0.877105	0.877105
1.44796	0.308244	0.534102	0.36034	82.5	0	0	0	0	0.877912	0.877912
1.44796	0.308244	0.534102	0.36034	97.5	0	0	0	0	0.879679	0.879679
1.44796	0.308244	0.534102	0.36034	112.5	0	0	0	0	0.88101	0.88101
1.44796	0.308244	0.534102	0.36034	127.5	0	0	0	0	0.881491	0.881491
1.44796	0.308244	0.534102	0.36034	142.5	0	0	0	0	0.881675	0.881675
1.44796	0.308244	0.534102	0.36034	157.5	0	0	0	0	0.879915	0.879915
1.44796	0.308244	0.534102	0.36034	172.5	0	0	0	0	0.876449	0.876449
2.28115	0.365074	0.530744	0.408037	-172.5	0	0	0	0	0.771527	0.771527
2.28115	0.365074	0.530744	0.408037	-157.5	0	0	0	0	0.774723	0.774723
2.28115	0.365074	0.530744	0.408037	-142.5	0	0	0	0	0.782001	0.782001
2.28115	0.365074	0.530744	0.408037	-127.5	0	0	0	0	0.791125	0.791125
2.28115	0.365074	0.530744	0.408037	-112.5	0	0	0	0	0.791767	0.791767
2.28115	0.365074	0.530744	0.408037	-97.5	0	0	0	0	0.790052	0.790052
2.28115	0.365074	0.530744	0.408037	-82.5	0	0	0	0	0.793222	0.793222
2.28115	0.365074	0.530744	0.408037	-67.5	0	0	0	0	0.791412	0.791412
2.28115	0.365074	0.530744	0.408037	-52.5	0	0	0	0	0.790968	0.790968
2.28115	0.365074	0.530744	0.408037	-37.5	0	0	0	0	0.790053	0.790053
2.28115	0.365074	0.530744	0.408037	-22.5	0	0	0	0	0.792444	0.792444
2.28115	0.365074	0.530744	0.408037	-7.5	0	0	0	0	0.792383	0.792383
2.28115	0.365074	0.530744	0.408037	7.5	0	0	0	0	0.792383	0.792383
2.28115	0.365074	0.530744	0.408037	22.5	0	0	0	0	0.792444	0.792444
2.28115	0.365074	0.530744	0.408037	37.5	0	0	0	0	0.790053	0.790053
2.28115	0.365074	0.530744	0.408037	52.5	0	0	0	0	0.790968	0.790968
2.28115	0.365074	0.530744	0.408037	67.5	0	0	0	0	0.791412	0.791412
2.28115	0.365074	0.530744	0.408037	82.5	0	0	0	0	0.793222	0.793222
2.28115	0.365074	0.530744	0.408037	97.5	0	0	0	0	0.790052	0.790052
2.28115	0.365074	0.530744	0.408037	112.5	0	0	0	0	0.791767	0.791767
2.28115	0.365074	0.530744	0.408037	127.5	0	0	0	0	0.791125	0.791125
2.28115	0.365074	0.530744	0.408037	142.5	0	0	0	0	0.782001	0.782001
2.28115	0.365074	0.530744	0.408037	157.5	0	0	0	0	0.774723	0.774723
2.28115	0.365074	0.530744	0.408037	172.5	0	0	0	0	0.771527	0.771527
1.24696	0.20811	0.766021	0.529812	-172.5	0	0	0	0	0.875729	0.875729
1.24696	0.20811	0.766021	0.529812	-157.5	0	0	0	0	0.876946	0.876946
1.24696	0.20811	0.766021	0.529812	-142.5	0	0	0	0	0.877388	0.877388
1.24696	0.20811	0.766021	0.529812	-127.5	0	0	0	0	0.878627	0.878627
1.24696	0.20811	0.766021	0.529812	-112.5	0	0	0	0	0.878978	0.878978
1.24696	0.20811	0.766021	0.529812	-97.5	0	0	0	0	0.879349	0.879349
1.24696	0.20811	0.766021	0.529812	-82.5	0	0	0	0	0.879259	0.879259
1.24696	0.20811	0.766021	0.529812	-67.5	0	0	0	0	0.878685	0.878685
1.24696	0.20811	0.766021	0.529812	-52.5	0	0	0	0	0.878598	0.878598
1.24696	0.20811	0.766021	0.529812	-37.5	0	0	0	0	0.877849	0.877849
1.24696	0.20811	0.766021	0.529812	-22.5	0	0	0	0	0.877999	0.877999
1.24696	0.20811	0.766021	0.529812	-7.5	0	0	0	0	0.87758	0.87758
1.24696	0.20811	0.766021	0.529812	7.5	0	0	0	0	0.87758	0.87758
1.24696	0.20811	0.766021	0.529812	22.5	0	0	0	0	0.877999	0.877999
1.24696	0.20811	0.766021	0.529812	37.5	0	0	0	0	0.877849	0.877849
1.24696	0.20811	0.766021	0.529812	52.5	0	0	0	0	0.878598	0.878598
1.24696	0.20811	0.766021	0.529812	67.5	0	0	0	0	0.878685	0.878685
1.24696	0.20811	0.766021	0.529812	82.5	0	0	0	0	0.879259	0.879259
1.24696	0.20811	0.766021	0.529812	97.5	0	0	0	0	0.879349	0.879349
1.24696	0.20811	0.766021	0.529812	112.5	0	0	0	0	0.878978	0.878978
1.24696	0.20811	0.766021	0.529812	127.5	0	0	0	0	0.878627	0.878627
1.24696	0.20811	0.766021	0.529812	142.5	0	0	0	0	0.877388	0.877388
1.24696	0.20811	0.766021	0.529812	157.5	0	0	0	0	0.876946	0.876946
1.24696	0.20811	0.766021	0.529812	172.5	0	0	0	0	0.875729	0.875729
1.72947	0.258314	0.765348	0.543691	-172.5	0	0	0	0	0.875918	0.875918
1.72947	0.258314	0.765348	0.543691	-157.5	0	0	0	0	0.875215	0.875215
1.72947	0.258314	0.765348	0.543691	-142.5	0	0	0	0	0.87562	0.87562
1.72947	0.258314	0.765348	0.543691	-127.5	0	0	0	0	0.875065	0.875065
1.72947	0.258314	0.765348	0.543691	-112.5	0	0	0	0	0.874871	0.874871
1.72947	0.258314	0.765348	0.543691	-97.5	0	0	0	0	0.874088	0.874088
1.72947	0.258314	0.765348	0.543691	-82.5	0	0	0	0	0.873531	0.873531
1.72947	0.258314	0.765348	0.543691	-67.5	0	0	0	0	0.873011	0.873011
1.72947	0.258314	0.765348	0.543691	-52.5	0	0	0	0	0.872112	0.872112
1.72947	0.258314	0.765348	0.543691	-37.5	0	0	0	0	0.871544	0.871544
1.72947	0.258314	0.765348	0.543691	-22.5	0	0	0	0	0.87143	0.87143
1.72947	0.258314	0.765348	0.543691	-7.5	0	0	0	0	0.870976	0.870976
1.72947	0.258314	0.765348	0.543691	7.5	0	0	0	0	0.870976	0.870976
1.72947	0.258314	0.765348	0.543691	22.5	0	0	0	0	0.87143	0.87143
1.72947	0.258314	0.765348	0.543691	37.5	0	0	0	0	0.871544	0.871544
1.72947	0.258314	0.765348	0.543691	52.5	0	0	0	0	0.872112	0.872112
1.72947	0.258314	0.765348	0.543691	67.5	0	0	0	0	0.873011	0.873011
1.72947	0.258314	0.765348	0.543691	82.5	0	0	0	0	0.873531	0.873531
1.72947	0.258314	0.765348	0.543691	97.5	0	0	0	0	0.874088	0.874088
1.72947	0.258314	0.765348	0.543691	112.5	0	0	0	0	0.874871	0.874871
1.72947	0.258314	0.765348	0.543691	127.5	0	0	0	0	0.875065	0.875065
1.72947	0.258314	0.765348	0.543691	142.5	0	0	0	0	0.87562	0.87562
1.72947	0.258314	0.765348	0.543691	157.5	0	0	0	0	0.875215	0.875215
1.72947	0.258314	0.765348	0.543691	172.5	0	0	0	0	0.875918	0.875918
1.44613	0.308045	0.776676	0.434627	-172.5	0	0	0	0	0.832428	0.832428
1.44613	0.308045	0.776676	0.434627	-157.5	0	0	0	0	0.83478	0.83478
1.44613	0.308045	0.776676	0.434627	-142.5	0	0	0	0	0.836265	0.836265
1.44613	0.308045	0.776676	0.434627	-127.5	0	0	0	0	0.836535	0.836535
1.44613	0.308045	0.776676	0.434627	-112.5	0	0	0	0	0.836749	0.836749
1.44613	0.308045	0.776676	0.434627	-97.5	0	0	0	0	0.834822	0.834822
1.44613	0.308045	0.776676	0.434627	-82.5	0	0	0	0	0.831914	0.831914
1.44613	0.308045	0.776676	0.434627	-67.5	0	0	0	0	0.829146	0.829146
1.44613	0.308045	0.776676	0.434627	-52.5	0	0	0	0	0.826057	0.826057
1.44613	0.308045	0.776676	0.434627	-37.5	0	0	0	0	0.82354	0.82354
1.44613	0.308045	0.776676	0.434627	-22.5	0	0	0	0	0.821881	0.821881
1.44613	0.308045	0.776676	0.434627	-7.5	0	0	0	0	0.821062	0.821062
1.44613	0.308045	0.776676	0.434627	7.5	0	0	0	0	0.821062	0.821062
1.44613	0.308045	0.776676	0.434627	22.5	0	0	0	0	0.821881	0.821881
1.44613	0.308045	0.776676	0.434627	37.5	0	0	0	0	0.82354	0.82354
1.44613	0.308045	0.776676	0.434627	52.5	0	0	0	0	0.826057	0.826057
1.44613	0.308045	0.776676	0.434627	67.5	0	0	0	0	0.829146	0.829146
1.44613	0.308045	0.776676	0.434627	82.5	0	0	0	0	0.831914	0.831914
1.44613	0.308045	0.776676	0.434627	97.5	0	0	0	0	0.834822	0.834822
1.44613	0.308045	0.776676	0.434627	112.5	0	0	0	0	0.836749	0.836749
1.44613	0.308045	0.776676	0.434627	127.5	0	0	0	0	0.836535	0.836535
1.44613	0.308045	0.776676	0.434627	142.5	0	0	0	0	0.836265	0.836265
1.44613	0.308045	0.776676	0.434627	157.5	0	0	0	0	0.83478	0.83478
1.44613	0.308045	0.776676	0.434627	172.5	0	0	0	0	0.832428	0.832428
2.2499	0.365328	0.770904	0.49379	-172.5	0	0	0	0	0.791561	0.791561
2.2499	0.365328	0.770904	0.49379	-157.5	0	0	0	0	0.791313	0.791313
2.2499	0.365328	0.770904	0.49379	-142.5	0	0	0	0	0.792579	0.792579
2.2499	0.365328	0.770904	0.49379	-127.5	0	0	0	0	0.793436	0.793436
2.2499	0.365328	0.770904	0.49379	-112.5	0	0	0	0	0.794041	0.794041
2.2499	0.365328	0.770904	0.49379	-97.5	0	0	0	0	0.794542	0.794542
2.2499	0.365328	0.770904	0.49379	-82.5	0	0	0	0	0.794853	0.794853
2.2499	0.365328	0.770904	0.49379	-67.5	0	0	0	0	0.795224	0.795224
2.2499	0.365328	0.770904	0.49379	-52.5	0	0	0	0	0.795684	0.795684
2.2499	0.365328	0.770904	0.49379	-37.5	0	0	0	0	0.796169	0.796169
2.2499	0.365328	0.770904	0.49379	-22.5	0	0	0	0	0.795837	0.795837
2.2499	0.365328	0.770904	0.49379	-7.5	0	0	0	0	0.795697	0.795697
2.2499	0.365328	0.770904	0.49379	7.5	0	0	0	0	0.795697	0.795697
2.2499	0.365328	0.770904	0.49379	22.5	0	0	0	0	0.795837	0.795837
2.2499	0.365328	0.770904	0.49379	37.5	0	0	0	0	0.796169	0.796169
2.2499	0.365328	0.770904	0.49379	52.5	0	0	0	0	0.795684	0.795684
2.2499	0.365328	0.770904	0.49379	67.5	0	0	0	0	0.795224	0.795224
2.2499	0.365328	0.770904	0.49379	82.5	0	0	0	0	0.794853	0.794853
2.2499	0.365328	0.770904	0.49379	97.5	0	0	0	0	0.794542	0.794542
2.2499	0.365328	0.770904	0.49379	112.5	0	0	0	0	0.794041	0.794041
2.2499	0.365328	0.770904	0.49379	127.5	0	0	0	0	0.793436	0.793436
2.2499	0.365328	0.770904	0.49379	142.5	0	0	0	0	0.792579	0.792579
2.2499	0.365328	0.770904	0.49379	157.5	0	0	0	0	0.791313	0.791313
2.2499	0.365328	0.770904	0.49379	172.5	0	0	0	0	0.791561	0.791561
