#Q2	Xb	Zh	Pt	Phi	SigmaB	SigmaOb	Tail1	Taile2	Fact_noex	Fact_ex
1.24393	0.192365	0.221308	0.240172	-172.5	0	0	0	0	0.971527	0.971527
1.24393	0.192365	0.221308	0.240172	-157.5	0	0	0	0	0.976276	0.976276
1.24393	0.192365	0.221308	0.240172	-142.5	0	0	0	0	0.986429	0.986429
1.24393	0.192365	0.221308	0.240172	-127.5	0	0	0	0	0.996064	0.996064
1.24393	0.192365	0.221308	0.240172	-112.5	0	0	0	0	0.996171	0.996171
1.24393	0.192365	0.221308	0.240172	-97.5	0	0	0	0	0.995121	0.995121
1.24393	0.192365	0.221308	0.240172	-82.5	0	0	0	0	0.993103	0.993103
1.24393	0.192365	0.221308	0.240172	-67.5	0	0	0	0	0.992025	0.992025
1.24393	0.192365	0.221308	0.240172	-52.5	0	0	0	0	0.990749	0.990749
1.24393	0.192365	0.221308	0.240172	-37.5	0	0	0	0	0.990795	0.990795
1.24393	0.192365	0.221308	0.240172	-22.5	0	0	0	0	0.990422	0.990422
1.24393	0.192365	0.221308	0.240172	-7.5	0	0	0	0	0.990288	0.990288
1.24393	0.192365	0.221308	0.240172	7.5	0	0	0	0	0.990288	0.990288
1.24393	0.192365	0.221308	0.240172	22.5	0	0	0	0	0.990422	0.990422
1.24393	0.192365	0.221308	0.240172	37.5	0	0	0	0	0.990795	0.990795
1.24393	0.192365	0.221308	0.240172	52.5	0	0	0	0	0.990749	0.990749
1.24393	0.192365	0.221308	0.240172	67.5	0	0	0	0	0.992025	0.992025
1.24393	0.192365	0.221308	0.240172	82.5	0	0	0	0	0.993103	0.993103
1.24393	0.192365	0.221308	0.240172	97.5	0	0	0	0	0.995121	0.995121
1.24393	0.192365	0.221308	0.240172	112.5	0	0	0	0	0.996171	0.996171
1.24393	0.192365	0.221308	0.240172	127.5	0	0	0	0	0.996064	0.996064
1.24393	0.192365	0.221308	0.240172	142.5	0	0	0	0	0.986429	0.986429
1.24393	0.192365	0.221308	0.240172	157.5	0	0	0	0	0.976276	0.976276
1.24393	0.192365	0.221308	0.240172	172.5	0	0	0	0	0.971527	0.971527
1.75685	0.25267	0.2202	0.248965	-172.5	0	0	0	0	0.95936	0.95936
1.75685	0.25267	0.2202	0.248965	-157.5	0	0	0	0	0.963147	0.963147
1.75685	0.25267	0.2202	0.248965	-142.5	0	0	0	0	0.964983	0.964983
1.75685	0.25267	0.2202	0.248965	-127.5	0	0	0	0	0.968879	0.968879
1.75685	0.25267	0.2202	0.248965	-112.5	0	0	0	0	0.968632	0.968632
1.75685	0.25267	0.2202	0.248965	-97.5	0	0	0	0	0.967916	0.967916
1.75685	0.25267	0.2202	0.248965	-82.5	0	0	0	0	0.964663	0.964663
1.75685	0.25267	0.2202	0.248965	-67.5	0	0	0	0	0.963884	0.963884
1.75685	0.25267	0.2202	0.248965	-52.5	0	0	0	0	0.963926	0.963926
1.75685	0.25267	0.2202	0.248965	-37.5	0	0	0	0	0.961995	0.961995
1.75685	0.25267	0.2202	0.248965	-22.5	0	0	0	0	0.960896	0.960896
1.75685	0.25267	0.2202	0.248965	-7.5	0	0	0	0	0.960411	0.960411
1.75685	0.25267	0.2202	0.248965	7.5	0	0	0	0	0.960411	0.960411
1.75685	0.25267	0.2202	0.248965	22.5	0	0	0	0	0.960896	0.960896
1.75685	0.25267	0.2202	0.248965	37.5	0	0	0	0	0.961995	0.961995
1.75685	0.25267	0.2202	0.248965	52.5	0	0	0	0	0.963926	0.963926
1.75685	0.25267	0.2202	0.248965	67.5	0	0	0	0	0.963884	0.963884
1.75685	0.25267	0.2202	0.248965	82.5	0	0	0	0	0.964663	0.964663
1.75685	0.25267	0.2202	0.248965	97.5	0	0	0	0	0.967916	0.967916
1.75685	0.25267	0.2202	0.248965	112.5	0	0	0	0	0.968632	0.968632
1.75685	0.25267	0.2202	0.248965	127.5	0	0	0	0	0.968879	0.968879
1.75685	0.25267	0.2202	0.248965	142.5	0	0	0	0	0.964983	0.964983
1.75685	0.25267	0.2202	0.248965	157.5	0	0	0	0	0.963147	0.963147
1.75685	0.25267	0.2202	0.248965	172.5	0	0	0	0	0.95936	0.95936
1.44864	0.308072	0.228328	0.184991	-172.5	0	0	0	0	0.899917	0.899917
1.44864	0.308072	0.228328	0.184991	-157.5	0	0	0	0	0.903436	0.903436
1.44864	0.308072	0.228328	0.184991	-142.5	0	0	0	0	0.905187	0.905187
1.44864	0.308072	0.228328	0.184991	-127.5	0	0	0	0	0.904907	0.904907
1.44864	0.308072	0.228328	0.184991	-112.5	0	0	0	0	0.903976	0.903976
1.44864	0.308072	0.228328	0.184991	-97.5	0	0	0	0	0.901634	0.901634
1.44864	0.308072	0.228328	0.184991	-82.5	0	0	0	0	0.902272	0.902272
1.44864	0.308072	0.228328	0.184991	-67.5	0	0	0	0	0.943856	0.943856
1.44864	0.308072	0.228328	0.184991	-52.5	0	0	0	0	0.932881	0.932881
1.44864	0.308072	0.228328	0.184991	-37.5	0	0	0	0	0.923041	0.923041
1.44864	0.308072	0.228328	0.184991	-22.5	0	0	0	0	0.919647	0.919647
1.44864	0.308072	0.228328	0.184991	-7.5	0	0	0	0	0.91756	0.91756
1.44864	0.308072	0.228328	0.184991	7.5	0	0	0	0	0.91756	0.91756
1.44864	0.308072	0.228328	0.184991	22.5	0	0	0	0	0.919647	0.919647
1.44864	0.308072	0.228328	0.184991	37.5	0	0	0	0	0.923041	0.923041
1.44864	0.308072	0.228328	0.184991	52.5	0	0	0	0	0.932881	0.932881
1.44864	0.308072	0.228328	0.184991	67.5	0	0	0	0	0.943856	0.943856
1.44864	0.308072	0.228328	0.184991	82.5	0	0	0	0	0.902272	0.902272
1.44864	0.308072	0.228328	0.184991	97.5	0	0	0	0	0.901634	0.901634
1.44864	0.308072	0.228328	0.184991	112.5	0	0	0	0	0.903976	0.903976
1.44864	0.308072	0.228328	0.184991	127.5	0	0	0	0	0.904907	0.904907
1.44864	0.308072	0.228328	0.184991	142.5	0	0	0	0	0.905187	0.905187
1.44864	0.308072	0.228328	0.184991	157.5	0	0	0	0	0.903436	0.903436
1.44864	0.308072	0.228328	0.184991	172.5	0	0	0	0	0.899917	0.899917
2.35246	0.365424	0.22232	0.22628	-172.5	0	0	0	0	0.793659	0.793659
2.35246	0.365424	0.22232	0.22628	-157.5	0	0	0	0	0.793452	0.793452
2.35246	0.365424	0.22232	0.22628	-142.5	0	0	0	0	0.792893	0.792893
2.35246	0.365424	0.22232	0.22628	-127.5	0	0	0	0	0.792066	0.792066
2.35246	0.365424	0.22232	0.22628	-112.5	0	0	0	0	0.790974	0.790974
2.35246	0.365424	0.22232	0.22628	-97.5	0	0	0	0	0.789789	0.789789
2.35246	0.365424	0.22232	0.22628	-82.5	0	0	0	0	0.78876	0.78876
2.35246	0.365424	0.22232	0.22628	-67.5	0	0	0	0	0.789319	0.789319
2.35246	0.365424	0.22232	0.22628	-52.5	0	0	0	0	0.788756	0.788756
2.35246	0.365424	0.22232	0.22628	-37.5	0	0	0	0	0.788239	0.788239
2.35246	0.365424	0.22232	0.22628	-22.5	0	0	0	0	0.787939	0.787939
2.35246	0.365424	0.22232	0.22628	-7.5	0	0	0	0	0.787803	0.787803
2.35246	0.365424	0.22232	0.22628	7.5	0	0	0	0	0.787803	0.787803
2.35246	0.365424	0.22232	0.22628	22.5	0	0	0	0	0.787939	0.787939
2.35246	0.365424	0.22232	0.22628	37.5	0	0	0	0	0.788239	0.788239
2.35246	0.365424	0.22232	0.22628	52.5	0	0	0	0	0.788756	0.788756
2.35246	0.365424	0.22232	0.22628	67.5	0	0	0	0	0.789319	0.789319
2.35246	0.365424	0.22232	0.22628	82.5	0	0	0	0	0.78876	0.78876
2.35246	0.365424	0.22232	0.22628	97.5	0	0	0	0	0.789789	0.789789
2.35246	0.365424	0.22232	0.22628	112.5	0	0	0	0	0.790974	0.790974
2.35246	0.365424	0.22232	0.22628	127.5	0	0	0	0	0.792066	0.792066
2.35246	0.365424	0.22232	0.22628	142.5	0	0	0	0	0.792893	0.792893
2.35246	0.365424	0.22232	0.22628	157.5	0	0	0	0	0.793452	0.793452
2.35246	0.365424	0.22232	0.22628	172.5	0	0	0	0	0.793659	0.793659
1.24489	0.198196	0.36508	0.352355	-172.5	0	0	0	0	0.929862	0.929862
1.24489	0.198196	0.36508	0.352355	-157.5	0	0	0	0	0.930624	0.930624
1.24489	0.198196	0.36508	0.352355	-142.5	0	0	0	0	0.931522	0.931522
1.24489	0.198196	0.36508	0.352355	-127.5	0	0	0	0	0.933731	0.933731
1.24489	0.198196	0.36508	0.352355	-112.5	0	0	0	0	0.931884	0.931884
1.24489	0.198196	0.36508	0.352355	-97.5	0	0	0	0	0.930686	0.930686
1.24489	0.198196	0.36508	0.352355	-82.5	0	0	0	0	0.930013	0.930013
1.24489	0.198196	0.36508	0.352355	-67.5	0	0	0	0	0.93189	0.93189
1.24489	0.198196	0.36508	0.352355	-52.5	0	0	0	0	0.932701	0.932701
1.24489	0.198196	0.36508	0.352355	-37.5	0	0	0	0	0.932657	0.932657
1.24489	0.198196	0.36508	0.352355	-22.5	0	0	0	0	0.930341	0.930341
1.24489	0.198196	0.36508	0.352355	-7.5	0	0	0	0	0.927684	0.927684
1.24489	0.198196	0.36508	0.352355	7.5	0	0	0	0	0.927684	0.927684
1.24489	0.198196	0.36508	0.352355	22.5	0	0	0	0	0.930341	0.930341
1.24489	0.198196	0.36508	0.352355	37.5	0	0	0	0	0.932657	0.932657
1.24489	0.198196	0.36508	0.352355	52.5	0	0	0	0	0.932701	0.932701
1.24489	0.198196	0.36508	0.352355	67.5	0	0	0	0	0.93189	0.93189
1.24489	0.198196	0.36508	0.352355	82.5	0	0	0	0	0.930013	0.930013
1.24489	0.198196	0.36508	0.352355	97.5	0	0	0	0	0.930686	0.930686
1.24489	0.198196	0.36508	0.352355	112.5	0	0	0	0	0.931884	0.931884
1.24489	0.198196	0.36508	0.352355	127.5	0	0	0	0	0.933731	0.933731
1.24489	0.198196	0.36508	0.352355	142.5	0	0	0	0	0.931522	0.931522
1.24489	0.198196	0.36508	0.352355	157.5	0	0	0	0	0.930624	0.930624
1.24489	0.198196	0.36508	0.352355	172.5	0	0	0	0	0.929862	0.929862
1.7471	0.254692	0.3642	0.363195	-172.5	0	0	0	0	0.922041	0.922041
1.7471	0.254692	0.3642	0.363195	-157.5	0	0	0	0	0.925439	0.925439
1.7471	0.254692	0.3642	0.363195	-142.5	0	0	0	0	0.927349	0.927349
1.7471	0.254692	0.3642	0.363195	-127.5	0	0	0	0	0.928896	0.928896
1.7471	0.254692	0.3642	0.363195	-112.5	0	0	0	0	0.927504	0.927504
1.7471	0.254692	0.3642	0.363195	-97.5	0	0	0	0	0.92805	0.92805
1.7471	0.254692	0.3642	0.363195	-82.5	0	0	0	0	0.925603	0.925603
1.7471	0.254692	0.3642	0.363195	-67.5	0	0	0	0	0.924185	0.924185
1.7471	0.254692	0.3642	0.363195	-52.5	0	0	0	0	0.912766	0.912766
1.7471	0.254692	0.3642	0.363195	-37.5	0	0	0	0	0.902968	0.902968
1.7471	0.254692	0.3642	0.363195	-22.5	0	0	0	0	0.900291	0.900291
1.7471	0.254692	0.3642	0.363195	-7.5	0	0	0	0	0.899811	0.899811
1.7471	0.254692	0.3642	0.363195	7.5	0	0	0	0	0.899811	0.899811
1.7471	0.254692	0.3642	0.363195	22.5	0	0	0	0	0.900291	0.900291
1.7471	0.254692	0.3642	0.363195	37.5	0	0	0	0	0.902968	0.902968
1.7471	0.254692	0.3642	0.363195	52.5	0	0	0	0	0.912766	0.912766
1.7471	0.254692	0.3642	0.363195	67.5	0	0	0	0	0.924185	0.924185
1.7471	0.254692	0.3642	0.363195	82.5	0	0	0	0	0.925603	0.925603
1.7471	0.254692	0.3642	0.363195	97.5	0	0	0	0	0.92805	0.92805
1.7471	0.254692	0.3642	0.363195	112.5	0	0	0	0	0.927504	0.927504
1.7471	0.254692	0.3642	0.363195	127.5	0	0	0	0	0.928896	0.928896
1.7471	0.254692	0.3642	0.363195	142.5	0	0	0	0	0.927349	0.927349
1.7471	0.254692	0.3642	0.363195	157.5	0	0	0	0	0.925439	0.925439
1.7471	0.254692	0.3642	0.363195	172.5	0	0	0	0	0.922041	0.922041
1.44809	0.308099	0.367553	0.273109	-172.5	0	0	0	0	0.864168	0.864168
1.44809	0.308099	0.367553	0.273109	-157.5	0	0	0	0	0.865327	0.865327
1.44809	0.308099	0.367553	0.273109	-142.5	0	0	0	0	0.869556	0.869556
1.44809	0.308099	0.367553	0.273109	-127.5	0	0	0	0	0.869352	0.869352
1.44809	0.308099	0.367553	0.273109	-112.5	0	0	0	0	0.868269	0.868269
1.44809	0.308099	0.367553	0.273109	-97.5	0	0	0	0	0.867769	0.867769
1.44809	0.308099	0.367553	0.273109	-82.5	0	0	0	0	0.866977	0.866977
1.44809	0.308099	0.367553	0.273109	-67.5	0	0	0	0	0.86524	0.86524
1.44809	0.308099	0.367553	0.273109	-52.5	0	0	0	0	0.86613	0.86613
1.44809	0.308099	0.367553	0.273109	-37.5	0	0	0	0	0.865883	0.865883
1.44809	0.308099	0.367553	0.273109	-22.5	0	0	0	0	0.865772	0.865772
1.44809	0.308099	0.367553	0.273109	-7.5	0	0	0	0	0.865479	0.865479
1.44809	0.308099	0.367553	0.273109	7.5	0	0	0	0	0.865479	0.865479
1.44809	0.308099	0.367553	0.273109	22.5	0	0	0	0	0.865772	0.865772
1.44809	0.308099	0.367553	0.273109	37.5	0	0	0	0	0.865883	0.865883
1.44809	0.308099	0.367553	0.273109	52.5	0	0	0	0	0.86613	0.86613
1.44809	0.308099	0.367553	0.273109	67.5	0	0	0	0	0.86524	0.86524
1.44809	0.308099	0.367553	0.273109	82.5	0	0	0	0	0.866977	0.866977
1.44809	0.308099	0.367553	0.273109	97.5	0	0	0	0	0.867769	0.867769
1.44809	0.308099	0.367553	0.273109	112.5	0	0	0	0	0.868269	0.868269
1.44809	0.308099	0.367553	0.273109	127.5	0	0	0	0	0.869352	0.869352
1.44809	0.308099	0.367553	0.273109	142.5	0	0	0	0	0.869556	0.869556
1.44809	0.308099	0.367553	0.273109	157.5	0	0	0	0	0.865327	0.865327
1.44809	0.308099	0.367553	0.273109	172.5	0	0	0	0	0.864168	0.864168
2.31045	0.365264	0.365582	0.327716	-172.5	0	0	0	0	0.78901	0.78901
2.31045	0.365264	0.365582	0.327716	-157.5	0	0	0	0	0.788794	0.788794
2.31045	0.365264	0.365582	0.327716	-142.5	0	0	0	0	0.789356	0.789356
2.31045	0.365264	0.365582	0.327716	-127.5	0	0	0	0	0.788735	0.788735
2.31045	0.365264	0.365582	0.327716	-112.5	0	0	0	0	0.792374	0.792374
2.31045	0.365264	0.365582	0.327716	-97.5	0	0	0	0	0.790828	0.790828
2.31045	0.365264	0.365582	0.327716	-82.5	0	0	0	0	0.790377	0.790377
2.31045	0.365264	0.365582	0.327716	-67.5	0	0	0	0	0.789284	0.789284
2.31045	0.365264	0.365582	0.327716	-52.5	0	0	0	0	0.788101	0.788101
2.31045	0.365264	0.365582	0.327716	-37.5	0	0	0	0	0.787459	0.787459
2.31045	0.365264	0.365582	0.327716	-22.5	0	0	0	0	0.788523	0.788523
2.31045	0.365264	0.365582	0.327716	-7.5	0	0	0	0	0.790857	0.790857
2.31045	0.365264	0.365582	0.327716	7.5	0	0	0	0	0.790857	0.790857
2.31045	0.365264	0.365582	0.327716	22.5	0	0	0	0	0.788523	0.788523
2.31045	0.365264	0.365582	0.327716	37.5	0	0	0	0	0.787459	0.787459
2.31045	0.365264	0.365582	0.327716	52.5	0	0	0	0	0.788101	0.788101
2.31045	0.365264	0.365582	0.327716	67.5	0	0	0	0	0.789284	0.789284
2.31045	0.365264	0.365582	0.327716	82.5	0	0	0	0	0.790377	0.790377
2.31045	0.365264	0.365582	0.327716	97.5	0	0	0	0	0.790828	0.790828
2.31045	0.365264	0.365582	0.327716	112.5	0	0	0	0	0.792374	0.792374
2.31045	0.365264	0.365582	0.327716	127.5	0	0	0	0	0.788735	0.788735
2.31045	0.365264	0.365582	0.327716	142.5	0	0	0	0	0.789356	0.789356
2.31045	0.365264	0.365582	0.327716	157.5	0	0	0	0	0.788794	0.788794
2.31045	0.365264	0.365582	0.327716	172.5	0	0	0	0	0.78901	0.78901
1.24565	0.202867	0.52982	0.438585	-172.5	0	0	0	0	0.909603	0.909603
1.24565	0.202867	0.52982	0.438585	-157.5	0	0	0	0	0.914562	0.914562
1.24565	0.202867	0.52982	0.438585	-142.5	0	0	0	0	0.921681	0.921681
1.24565	0.202867	0.52982	0.438585	-127.5	0	0	0	0	0.936353	0.936353
1.24565	0.202867	0.52982	0.438585	-112.5	0	0	0	0	0.955358	0.955358
1.24565	0.202867	0.52982	0.438585	-97.5	0	0	0	0	0.954666	0.954666
1.24565	0.202867	0.52982	0.438585	-82.5	0	0	0	0	0.952823	0.952823
1.24565	0.202867	0.52982	0.438585	-67.5	0	0	0	0	0.950806	0.950806
1.24565	0.202867	0.52982	0.438585	-52.5	0	0	0	0	0.948923	0.948923
1.24565	0.202867	0.52982	0.438585	-37.5	0	0	0	0	0.94714	0.94714
1.24565	0.202867	0.52982	0.438585	-22.5	0	0	0	0	0.945455	0.945455
1.24565	0.202867	0.52982	0.438585	-7.5	0	0	0	0	0.944992	0.944992
1.24565	0.202867	0.52982	0.438585	7.5	0	0	0	0	0.944992	0.944992
1.24565	0.202867	0.52982	0.438585	22.5	0	0	0	0	0.945455	0.945455
1.24565	0.202867	0.52982	0.438585	37.5	0	0	0	0	0.94714	0.94714
1.24565	0.202867	0.52982	0.438585	52.5	0	0	0	0	0.948923	0.948923
1.24565	0.202867	0.52982	0.438585	67.5	0	0	0	0	0.950806	0.950806
1.24565	0.202867	0.52982	0.438585	82.5	0	0	0	0	0.952823	0.952823
1.24565	0.202867	0.52982	0.438585	97.5	0	0	0	0	0.954666	0.954666
1.24565	0.202867	0.52982	0.438585	112.5	0	0	0	0	0.955358	0.955358
1.24565	0.202867	0.52982	0.438585	127.5	0	0	0	0	0.936353	0.936353
1.24565	0.202867	0.52982	0.438585	142.5	0	0	0	0	0.921681	0.921681
1.24565	0.202867	0.52982	0.438585	157.5	0	0	0	0	0.914562	0.914562
1.24565	0.202867	0.52982	0.438585	172.5	0	0	0	0	0.909603	0.909603
1.73861	0.256517	0.529038	0.448708	-172.5	0	0	0	0	0.910258	0.910258
1.73861	0.256517	0.529038	0.448708	-157.5	0	0	0	0	0.910182	0.910182
1.73861	0.256517	0.529038	0.448708	-142.5	0	0	0	0	0.911495	0.911495
1.73861	0.256517	0.529038	0.448708	-127.5	0	0	0	0	0.928702	0.928702
1.73861	0.256517	0.529038	0.448708	-112.5	0	0	0	0	0.952741	0.952741
1.73861	0.256517	0.529038	0.448708	-97.5	0	0	0	0	0.949166	0.949166
1.73861	0.256517	0.529038	0.448708	-82.5	0	0	0	0	0.946712	0.946712
1.73861	0.256517	0.529038	0.448708	-67.5	0	0	0	0	0.942311	0.942311
1.73861	0.256517	0.529038	0.448708	-52.5	0	0	0	0	0.940166	0.940166
1.73861	0.256517	0.529038	0.448708	-37.5	0	0	0	0	0.936623	0.936623
1.73861	0.256517	0.529038	0.448708	-22.5	0	0	0	0	0.93695	0.93695
1.73861	0.256517	0.529038	0.448708	-7.5	0	0	0	0	0.935708	0.935708
1.73861	0.256517	0.529038	0.448708	7.5	0	0	0	0	0.935708	0.935708
1.73861	0.256517	0.529038	0.448708	22.5	0	0	0	0	0.93695	0.93695
1.73861	0.256517	0.529038	0.448708	37.5	0	0	0	0	0.936623	0.936623
1.73861	0.256517	0.529038	0.448708	52.5	0	0	0	0	0.940166	0.940166
1.73861	0.256517	0.529038	0.448708	67.5	0	0	0	0	0.942311	0.942311
1.73861	0.256517	0.529038	0.448708	82.5	0	0	0	0	0.946712	0.946712
1.73861	0.256517	0.529038	0.448708	97.5	0	0	0	0	0.949166	0.949166
1.73861	0.256517	0.529038	0.448708	112.5	0	0	0	0	0.952741	0.952741
1.73861	0.256517	0.529038	0.448708	127.5	0	0	0	0	0.928702	0.928702
1.73861	0.256517	0.529038	0.448708	142.5	0	0	0	0	0.911495	0.911495
1.73861	0.256517	0.529038	0.448708	157.5	0	0	0	0	0.910182	0.910182
1.73861	0.256517	0.529038	0.448708	172.5	0	0	0	0	0.910258	0.910258
1.44796	0.308244	0.534102	0.36034	-172.5	0	0	0	0	0.874628	0.874628
1.44796	0.308244	0.534102	0.36034	-157.5	0	0	0	0	0.876023	0.876023
1.44796	0.308244	0.534102	0.36034	-142.5	0	0	0	0	0.877198	0.877198
1.44796	0.308244	0.534102	0.36034	-127.5	0	0	0	0	0.877978	0.877978
1.44796	0.308244	0.534102	0.36034	-112.5	0	0	0	0	0.879041	0.879041
1.44796	0.308244	0.534102	0.36034	-97.5	0	0	0	0	0.879161	0.879161
1.44796	0.308244	0.534102	0.36034	-82.5	0	0	0	0	0.878393	0.878393
1.44796	0.308244	0.534102	0.36034	-67.5	0	0	0	0	0.878102	0.878102
1.44796	0.308244	0.534102	0.36034	-52.5	0	0	0	0	0.877183	0.877183
1.44796	0.308244	0.534102	0.36034	-37.5	0	0	0	0	0.875475	0.875475
1.44796	0.308244	0.534102	0.36034	-22.5	0	0	0	0	0.873711	0.873711
1.44796	0.308244	0.534102	0.36034	-7.5	0	0	0	0	0.871685	0.871685
1.44796	0.308244	0.534102	0.36034	7.5	0	0	0	0	0.871685	0.871685
1.44796	0.308244	0.534102	0.36034	22.5	0	0	0	0	0.873711	0.873711
1.44796	0.308244	0.534102	0.36034	37.5	0	0	0	0	0.875475	0.875475
1.44796	0.308244	0.534102	0.36034	52.5	0	0	0	0	0.877183	0.877183
1.44796	0.308244	0.534102	0.36034	67.5	0	0	0	0	0.878102	0.878102
1.44796	0.308244	0.534102	0.36034	82.5	0	0	0	0	0.878393	0.878393
1.44796	0.308244	0.534102	0.36034	97.5	0	0	0	0	0.879161	0.879161
1.44796	0.308244	0.534102	0.36034	112.5	0	0	0	0	0.879041	0.879041
1.44796	0.308244	0.534102	0.36034	127.5	0	0	0	0	0.877978	0.877978
1.44796	0.308244	0.534102	0.36034	142.5	0	0	0	0	0.877198	0.877198
1.44796	0.308244	0.534102	0.36034	157.5	0	0	0	0	0.876023	0.876023
1.44796	0.308244	0.534102	0.36034	172.5	0	0	0	0	0.874628	0.874628
2.28115	0.365074	0.530744	0.408037	-172.5	0	0	0	0	0.7715	0.7715
2.28115	0.365074	0.530744	0.408037	-157.5	0	0	0	0	0.774699	0.774699
2.28115	0.365074	0.530744	0.408037	-142.5	0	0	0	0	0.781998	0.781998
2.28115	0.365074	0.530744	0.408037	-127.5	0	0	0	0	0.791168	0.791168
2.28115	0.365074	0.530744	0.408037	-112.5	0	0	0	0	0.791854	0.791854
2.28115	0.365074	0.530744	0.408037	-97.5	0	0	0	0	0.790165	0.790165
2.28115	0.365074	0.530744	0.408037	-82.5	0	0	0	0	0.793344	0.793344
2.28115	0.365074	0.530744	0.408037	-67.5	0	0	0	0	0.791518	0.791518
2.28115	0.365074	0.530744	0.408037	-52.5	0	0	0	0	0.79104	0.79104
2.28115	0.365074	0.530744	0.408037	-37.5	0	0	0	0	0.790081	0.790081
2.28115	0.365074	0.530744	0.408037	-22.5	0	0	0	0	0.792431	0.792431
2.28115	0.365074	0.530744	0.408037	-7.5	0	0	0	0	0.792346	0.792346
2.28115	0.365074	0.530744	0.408037	7.5	0	0	0	0	0.792346	0.792346
2.28115	0.365074	0.530744	0.408037	22.5	0	0	0	0	0.792431	0.792431
2.28115	0.365074	0.530744	0.408037	37.5	0	0	0	0	0.790081	0.790081
2.28115	0.365074	0.530744	0.408037	52.5	0	0	0	0	0.79104	0.79104
2.28115	0.365074	0.530744	0.408037	67.5	0	0	0	0	0.791518	0.791518
2.28115	0.365074	0.530744	0.408037	82.5	0	0	0	0	0.793344	0.793344
2.28115	0.365074	0.530744	0.408037	97.5	0	0	0	0	0.790165	0.790165
2.28115	0.365074	0.530744	0.408037	112.5	0	0	0	0	0.791854	0.791854
2.28115	0.365074	0.530744	0.408037	127.5	0	0	0	0	0.791168	0.791168
2.28115	0.365074	0.530744	0.408037	142.5	0	0	0	0	0.781998	0.781998
2.28115	0.365074	0.530744	0.408037	157.5	0	0	0	0	0.774699	0.774699
2.28115	0.365074	0.530744	0.408037	172.5	0	0	0	0	0.7715	0.7715
1.24696	0.20811	0.766021	0.529812	-172.5	0	0	0	0	0.875657	0.875657
1.24696	0.20811	0.766021	0.529812	-157.5	0	0	0	0	0.876609	0.876609
1.24696	0.20811	0.766021	0.529812	-142.5	0	0	0	0	0.876946	0.876946
1.24696	0.20811	0.766021	0.529812	-127.5	0	0	0	0	0.878398	0.878398
1.24696	0.20811	0.766021	0.529812	-112.5	0	0	0	0	0.879124	0.879124
1.24696	0.20811	0.766021	0.529812	-97.5	0	0	0	0	0.879817	0.879817
1.24696	0.20811	0.766021	0.529812	-82.5	0	0	0	0	0.879882	0.879882
1.24696	0.20811	0.766021	0.529812	-67.5	0	0	0	0	0.87928	0.87928
1.24696	0.20811	0.766021	0.529812	-52.5	0	0	0	0	0.879044	0.879044
1.24696	0.20811	0.766021	0.529812	-37.5	0	0	0	0	0.87809	0.87809
1.24696	0.20811	0.766021	0.529812	-22.5	0	0	0	0	0.878058	0.878058
1.24696	0.20811	0.766021	0.529812	-7.5	0	0	0	0	0.877533	0.877533
1.24696	0.20811	0.766021	0.529812	7.5	0	0	0	0	0.877533	0.877533
1.24696	0.20811	0.766021	0.529812	22.5	0	0	0	0	0.878058	0.878058
1.24696	0.20811	0.766021	0.529812	37.5	0	0	0	0	0.87809	0.87809
1.24696	0.20811	0.766021	0.529812	52.5	0	0	0	0	0.879044	0.879044
1.24696	0.20811	0.766021	0.529812	67.5	0	0	0	0	0.87928	0.87928
1.24696	0.20811	0.766021	0.529812	82.5	0	0	0	0	0.879882	0.879882
1.24696	0.20811	0.766021	0.529812	97.5	0	0	0	0	0.879817	0.879817
1.24696	0.20811	0.766021	0.529812	112.5	0	0	0	0	0.879124	0.879124
1.24696	0.20811	0.766021	0.529812	127.5	0	0	0	0	0.878398	0.878398
1.24696	0.20811	0.766021	0.529812	142.5	0	0	0	0	0.876946	0.876946
1.24696	0.20811	0.766021	0.529812	157.5	0	0	0	0	0.876609	0.876609
1.24696	0.20811	0.766021	0.529812	172.5	0	0	0	0	0.875657	0.875657
1.72947	0.258314	0.765348	0.543691	-172.5	0	0	0	0	0.877553	0.877553
1.72947	0.258314	0.765348	0.543691	-157.5	0	0	0	0	0.876552	0.876552
1.72947	0.258314	0.765348	0.543691	-142.5	0	0	0	0	0.876704	0.876704
1.72947	0.258314	0.765348	0.543691	-127.5	0	0	0	0	0.876025	0.876025
1.72947	0.258314	0.765348	0.543691	-112.5	0	0	0	0	0.875774	0.875774
1.72947	0.258314	0.765348	0.543691	-97.5	0	0	0	0	0.874931	0.874931
1.72947	0.258314	0.765348	0.543691	-82.5	0	0	0	0	0.874276	0.874276
1.72947	0.258314	0.765348	0.543691	-67.5	0	0	0	0	0.873603	0.873603
1.72947	0.258314	0.765348	0.543691	-52.5	0	0	0	0	0.872508	0.872508
1.72947	0.258314	0.765348	0.543691	-37.5	0	0	0	0	0.87172	0.87172
1.72947	0.258314	0.765348	0.543691	-22.5	0	0	0	0	0.871441	0.871441
1.72947	0.258314	0.765348	0.543691	-7.5	0	0	0	0	0.870896	0.870896
1.72947	0.258314	0.765348	0.543691	7.5	0	0	0	0	0.870896	0.870896
1.72947	0.258314	0.765348	0.543691	22.5	0	0	0	0	0.871441	0.871441
1.72947	0.258314	0.765348	0.543691	37.5	0	0	0	0	0.87172	0.87172
1.72947	0.258314	0.765348	0.543691	52.5	0	0	0	0	0.872508	0.872508
1.72947	0.258314	0.765348	0.543691	67.5	0	0	0	0	0.873603	0.873603
1.72947	0.258314	0.765348	0.543691	82.5	0	0	0	0	0.874276	0.874276
1.72947	0.258314	0.765348	0.543691	97.5	0	0	0	0	0.874931	0.874931
1.72947	0.258314	0.765348	0.543691	112.5	0	0	0	0	0.875774	0.875774
1.72947	0.258314	0.765348	0.543691	127.5	0	0	0	0	0.876025	0.876025
1.72947	0.258314	0.765348	0.543691	142.5	0	0	0	0	0.876704	0.876704
1.72947	0.258314	0.765348	0.543691	157.5	0	0	0	0	0.876552	0.876552
1.72947	0.258314	0.765348	0.543691	172.5	0	0	0	0	0.877553	0.877553
1.44613	0.308045	0.776676	0.434627	-172.5	0	0	0	0	0.831025	0.831025
1.44613	0.308045	0.776676	0.434627	-157.5	0	0	0	0	0.831134	0.831134
1.44613	0.308045	0.776676	0.434627	-142.5	0	0	0	0	0.832056	0.832056
1.44613	0.308045	0.776676	0.434627	-127.5	0	0	0	0	0.833254	0.833254
1.44613	0.308045	0.776676	0.434627	-112.5	0	0	0	0	0.835129	0.835129
1.44613	0.308045	0.776676	0.434627	-97.5	0	0	0	0	0.834825	0.834825
1.44613	0.308045	0.776676	0.434627	-82.5	0	0	0	0	0.832857	0.832857
1.44613	0.308045	0.776676	0.434627	-67.5	0	0	0	0	0.830332	0.830332
1.44613	0.308045	0.776676	0.434627	-52.5	0	0	0	0	0.827028	0.827028
1.44613	0.308045	0.776676	0.434627	-37.5	0	0	0	0	0.824116	0.824116
1.44613	0.308045	0.776676	0.434627	-22.5	0	0	0	0	0.822082	0.822082
1.44613	0.308045	0.776676	0.434627	-7.5	0	0	0	0	0.821043	0.821043
1.44613	0.308045	0.776676	0.434627	7.5	0	0	0	0	0.821043	0.821043
1.44613	0.308045	0.776676	0.434627	22.5	0	0	0	0	0.822082	0.822082
1.44613	0.308045	0.776676	0.434627	37.5	0	0	0	0	0.824116	0.824116
1.44613	0.308045	0.776676	0.434627	52.5	0	0	0	0	0.827028	0.827028
1.44613	0.308045	0.776676	0.434627	67.5	0	0	0	0	0.830332	0.830332
1.44613	0.308045	0.776676	0.434627	82.5	0	0	0	0	0.832857	0.832857
1.44613	0.308045	0.776676	0.434627	97.5	0	0	0	0	0.834825	0.834825
1.44613	0.308045	0.776676	0.434627	112.5	0	0	0	0	0.835129	0.835129
1.44613	0.308045	0.776676	0.434627	127.5	0	0	0	0	0.833254	0.833254
1.44613	0.308045	0.776676	0.434627	142.5	0	0	0	0	0.832056	0.832056
1.44613	0.308045	0.776676	0.434627	157.5	0	0	0	0	0.831134	0.831134
1.44613	0.308045	0.776676	0.434627	172.5	0	0	0	0	0.831025	0.831025
2.2499	0.365328	0.770904	0.49379	-172.5	0	0	0	0	0.791446	0.791446
2.2499	0.365328	0.770904	0.49379	-157.5	0	0	0	0	0.791191	0.791191
2.2499	0.365328	0.770904	0.49379	-142.5	0	0	0	0	0.792475	0.792475
2.2499	0.365328	0.770904	0.49379	-127.5	0	0	0	0	0.793383	0.793383
2.2499	0.365328	0.770904	0.49379	-112.5	0	0	0	0	0.794048	0.794048
2.2499	0.365328	0.770904	0.49379	-97.5	0	0	0	0	0.794598	0.794598
2.2499	0.365328	0.770904	0.49379	-82.5	0	0	0	0	0.794934	0.794934
2.2499	0.365328	0.770904	0.49379	-67.5	0	0	0	0	0.795305	0.795305
2.2499	0.365328	0.770904	0.49379	-52.5	0	0	0	0	0.795744	0.795744
2.2499	0.365328	0.770904	0.49379	-37.5	0	0	0	0	0.796198	0.796198
2.2499	0.365328	0.770904	0.49379	-22.5	0	0	0	0	0.795837	0.795837
2.2499	0.365328	0.770904	0.49379	-7.5	0	0	0	0	0.795679	0.795679
2.2499	0.365328	0.770904	0.49379	7.5	0	0	0	0	0.795679	0.795679
2.2499	0.365328	0.770904	0.49379	22.5	0	0	0	0	0.795837	0.795837
2.2499	0.365328	0.770904	0.49379	37.5	0	0	0	0	0.796198	0.796198
2.2499	0.365328	0.770904	0.49379	52.5	0	0	0	0	0.795744	0.795744
2.2499	0.365328	0.770904	0.49379	67.5	0	0	0	0	0.795305	0.795305
2.2499	0.365328	0.770904	0.49379	82.5	0	0	0	0	0.794934	0.794934
2.2499	0.365328	0.770904	0.49379	97.5	0	0	0	0	0.794598	0.794598
2.2499	0.365328	0.770904	0.49379	112.5	0	0	0	0	0.794048	0.794048
2.2499	0.365328	0.770904	0.49379	127.5	0	0	0	0	0.793383	0.793383
2.2499	0.365328	0.770904	0.49379	142.5	0	0	0	0	0.792475	0.792475
2.2499	0.365328	0.770904	0.49379	157.5	0	0	0	0	0.791191	0.791191
2.2499	0.365328	0.770904	0.49379	172.5	0	0	0	0	0.791446	0.791446
